3246
2576
615
1067
6120
9025
166
7580
2299
7371
3909
8166
6151
2599
2555
4099
6623
4883
9248
93
3973
1540
7968
9121
5571
5216
1214
9667
8236
1180
8538
5698
7953
4817
2454
8349
9992
4980
3109
8534
1947
2742
4421
2694
6573
2121
2158
449
2482
6341
5867
2971
6335
6185
5129
1467
9967
9558
5614
5040
6888
9864
7388
7938
2478
8502
3254
4394
1878
4605
2978
4275
9901
712
3328
6226
6330
3507
7002
8581
482
3375
380
7673
4395
6392
3797
4270
2531
3558
254
526
1185
897
3051
4956
7019
1848
1024
5514
4874
8500
630
4894
4091
3544
6495
6597
3960
2732
4582
8664
5543
491
7465
6206
8625
4473
9067
1506
6757
6617
6198
3270
3421
8349
8110
4425
5682
111
3724
6645
4060
2384
1561
1020
6348
5008
9113
7492
2750
893
2570
4176
2649
5391
6669
1970
3177
2323
2372
461
7279
6871
7229
4576
5110
3110
2558
8400
4329
8979
8641
2420
3732
7099
6978
3831
5801
7606
6327
7833
5204
4207
511
4679
2384
52
254
829
9723
2496
856
6201
3255
1191
5387
2674
4211
1186
2723
8409
5498
1180
8552
4398
1866
1371
1658
5046
2712
9811
2608
7931
273
1240
2589
4741
2628
2418
7044
5576
8079
1590
766
9870
4983
5187
2042
2726
668
2009
6180
4829
716
8177
24
3836
8422
745
8857
2465
1874
7135
7917
7795
591
1216
395
7777
2397
241
8585
394
5581
9630
8527
3154
54
5969
1279
2355
873
3525
4073
1346
950
171
3418
6148
2576
4189
8165
7201
3679
1057
8774
7128
9077
7409
5698
4979
772
6169
2978
1932
477
8992
7970
1055
7195
2154
6517
7810
7666
5405
7723
2195
3394
6098
1814
6449
7185
7487
9353
5373
6888
9027
7186
7026
6795
2049
2138
3619
9663
2657
2122
3764
8536
4403
2032
1884
6896
5558
6658
7802
8639
1368
3090
2149
1911
6398
7619
4008
9855
7078
6827
4718
323
5531
1721
1049
6793
5881
7993
5978
3815
8130
630
6396
900
1249
3824
4498
3548
5036
8862
739
2296
5791
6309
6530
429
247
8729
563
9107
1756
2404
5210
5641
8258
3669
9686
8568
1377
1722
5951
3573
5284
5217
1724
1770
4496
3867
8296
1607
2646
6850
6421
1893
9866
5389
2273
2940
5556
6834
6473
982
2663
2539
8443
7331
9168
6412
4816
3598
9521
883
5210
2111
7247
9777
9642
723
4233
4552
5990
5593
7482
5366
7113
1599
8209
2977
5787
9036
1742
1875
98
2430
1600
8328
1017
8248
8957
518
784
9812
7489
8749
3204
8207
6955
302
5904
4853
8436
1216
6372
1162
9073
4641
3702
5868
2251
1898
7862
3909
6957
7591
5655
5157
2718
1045
2842
5775
1520
1420
1628
4355
2040
7695
996
7932
543
1041
1494
7706
1896
5531
3243
8499
6755
1468
7844
4533
9617
2384
8765
48
857
8739
2591
1778
6987
1064
2680
1202
3331
7269
14
817
7824
4738
1890
5726
8421
4498
4322
6505
5599
2112
9250
6154
296
894
4284
4947
6444
1002
3141
1075
9066
8338
4514
6892
1565
4473
4298
344
8524
10
1070
4775
9071
7069
8039
8860
4195
4200
3694
3225
4575
216
7586
8280
9272
1760
2997
908
594
7264
648
679
8712
426
4728
7085
3197
3697
7545
7385
8276
7075
2386
5486
7901
6521
4905
7440
8514
7468
1377
6292
7281
970
9217
6326
922
5625
887
7130
8443
859
4253
2613
5658
2835
7930
2620
3747
1336
7276
9340
9731
5223
4644
4189
1556
2333
2963
1633
5225
9877
3300
7809
8989
1215
1193
106
9527
3378
1787
1379
5329
7811
236
6227
41
4422
4047
5745
7431
7397
2731
3291
8768
6703
9292
8571
5163
5618
1530
5511
2450
796
2318
7400
5627
8590
3874
9502
871
6931
920
4033
634
7087
5422
2010
7965
9531
4400
2388
6353
6528
2622
7453
5541
7554
9168
8306
7897
7664
7704
2138
7043
7848
3751
5601
5474
1984
5394
2760
3938
915
8742
5755
7168
9528
9946
9443
4270
1833
7236
461
7736
8019
46
7339
6168
2073
4042
9513
5127
4398
1892
1250
1829
2451
4311
2164
1932
6621
2739
5426
1984
2058
9870
889
4553
3382
24
1909
5299
7721
499
7092
1157
5795
338
8523
1042
8347
3377
1992
1805
3621
3350
4343
9440
1506
407
1593
751
7900
7901
8642
9768
2578
3079
2995
301
4304
4113
5623
3366
146
1829
5857
1312
3963
2147
486
987
2721
798
295
8003
6076
807
6818
7404
8479
5374
6536
8340
5861
1718
1922
2483
176
9609
4848
7046
2590
2283
6867
589
317
259
9548
8017
1265
5736
7236
6634
2563
6856
8189
6144
4380
7374
1369
5825
7858
6709
7162
7922
5186
7272
9305
7897
1887
2092
2907
5307
409
5153
4752
3985
466
4516
174
6208
1085
841
8382
1817
1800
4567
357
6542
5788
8404
3525
5238
9618
4370
85
611
7960
2026
5967
4210
229
8393
8377
2419
8409
1112
3990
3146
6616
257
3421
5940
4216
1582
9130
1870
4313
8339
6228
4627
7733
8095
9951
5988
296
2480
5602
8173
3682
1221
7148
1126
4282
2231
6147
6375
5269
1866
4893
863
279
64
9730
9623
3322
1552
7521
6402
3309
2277
4451
8184
9518
1193
9069
6083
4683
2084
8762
9194
3718
5104
920
9852
1383
8095
3089
287
918
7966
5069
1434
2297
8987
5990
4783
4010
3190
4428
5453
5789
7412
7354
2885
624
5754
441
3339
8596
3928
5523
7376
2380
5539
955
334
4356
6327
5291
6851
4387
2205
3262
7889
3459
698
5535
9605
993
7784
3554
8871
8704
1705
9249
3985
2403
7608
6457
8772
8875
2915
2135
7079
7549
2166
3757
1250
8120
6969
2521
6650
2117
6222
2744
4765
3888
8563
919
6321
9158
3327
1434
4167
8335
42
8129
4630
846
8669
2343
7669
3383
3645
7452
2249
8353
7938
5894
5553
4779
2525
3764
8157
2420
2201
7923
2566
4725
8416
6677
586
8034
4961
206
1431
1986
4241
9504
3082
4890
1393
3386
1288
1009
4878
3388
9181
7487
9118
2302
6626
1303
9657
2754
9429
6551
5638
3272
8836
9837
4712
1024
7641
4556
2841
4837
3949
2448
5814
7032
2726
5342
1546
6010
2387
4432
5071
2766
7594
591
9746
750
7663
7378
9191
4141
6408
7638
9806
8861
8782
5182
9908
1394
615
7533
7660
359
3746
6305
3199
1887
2066
7651
8210
1166
2463
1820
9608
394
6793
7947
2711
6300
2286
948
1647
4555
4622
3450
6824
2059
190
6672
2315
7202
522
3181
3428
2939
1582
3934
6230
6159
6422
1905
1008
944
4516
5135
799
1992
5666
4473
5908
7922
3928
2054
4471
9846
257
1931
3820
4139
4042
2317
5477
1544
2426
659
3000
6043
5256
3967
9971
3918
7305
1135
7341
1959
281
7359
5118
800
9292
9729
3313
6342
9221
687
2041
9541
4615
128
4003
8131
59
74
7099
9500
2049
2696
1473
5967
5770
3292
8108
8454
3044
7477
6223
4731
231
2500
1500
3737
6801
684
4983
6194
3533
3401
1197
7920
8586
3570
6660
8205
9464
7233
9043
2598
5765
499
5558
4605
2858
5355
2331
9502
2624
476
1681
7077
9111
2823
5810
9710
7975
1713
5981
6636
3736
5001
4633
2942
8176
8585
6087
1359
2219
9338
8408
4350
6768
1613
4207
9454
3297
1863
183
6014
4611
7084
1048
9643
2095
7152
5302
8532
4951
1833
4683
734
8205
4089
3047
7321
49
7212
9893
4659
2554
189
911
9180
3368
989
5220
8074
4295
2774
4441
6158
2693
1660
7742
8678
1399
2566
9699
308
4985
7468
5546
543
4054
289
1294
1912
7687
3363
4533
3536
7903
7376
4738
6264
1766
6524
9710
857
7331
1840
2040
4550
8448
437
186
3262
5209
1634
2878
518
3221
9681
3569
7559
7129
5944
2855
5091
5225
1127
8703
718
7200
9518
5000
3994
513
5217
3796
6564
8159
6606
9612
7790
3034
9822
1188
5308
8747
9019
8417
2162
1619
1409
7064
5037
2015
8263
4744
8914
1918
6464
2715
4533
885
3485
969
4443
6051
1477
5214
1249
193
7336
2413
6158
1036
5328
261
5094
7671
9338
6819
4689
5562
8531
9352
4603
2031
4406
4300
7421
3839
9973
1890
1677
904
2710
1614
1665
7170
4352
3941
6569
2194
6389
3700
4686
3854
8179
8532
7430
9139
3766
2748
3993
19
8800
8135
712
307
5324
9624
8333
3252
2431
395
6142
2399
6112
62
6166
2247
3065
1568
2549
7818
6078
888
9318
8008
5934
441
5490
7351
4504
565
5188
5078
144
592
652
2097
5761
7446
1352
6469
9253
7407
7520
7556
3635
1905
7664
5850
1481
7463
3740
529
5275
2786
7982
7906
9098
5437
8052
4173
2007
4325
5368
8715
6826
8280
4544
770
8719
6957
8167
457
496
8181
8235
1757
9017
4128
2329
9363
5335
1539
5829
6990
3875
3432
591
3075
2814
1815
3954
4044
3292
9476
2543
8490
1590
2233
5338
4590
8219
8741
8611
4537
6392
8517
6311
1891
7016
8946
1079
9289
540
4251
1802
8139
2798
8260
7967
5397
4099
1183
4870
1835
8095
1163
9472
9850
3517
634
4355
1629
9312
3079
7266
3150
3508
295
2604
1885
648
4431
8516
7254
416
7671
5778
878
3989
2398
5688
9102
144
7390
839
3923
2711
4225
5362
3365
4631
8371
2979
390
835
2714
702
1390
4124
5940
5267
565
3954
3888
5687
10000
4617
8880
9173
6384
4880
5132
8544
1847
14
5899
6429
956
1693
7662
8639
4721
3291
1949
2659
9187
7119
1782
9165
5633
5161
5651
9122
2097
7534
7548
2856
2160
1282
2732
6235
1800
2230
984
2241
2567
5716
9950
112
4014
3384
7402
4174
9191
6338
8415
3209
9530
9050
1348
9353
1217
2643
5708
7987
8314
4707
9803
5039
7950
4881
8470
9580
5776
8288
3098
4466
1928
8363
8863
424
6752
7153
1838
8823
5470
6948
5361
4511
4436
3004
2171
9944
7524
5537
5704
6812
856
5353
1973
932
9473
2831
7571
9120
5694
6325
4312
7658
6336
6475
2503
429
492
7856
5217
354
6304
5704
6460
4811
5657
1918
1939
8836
4596
4684
5774
3383
9027
7610
7843
2911
1187
4419
7597
3135
7676
3406
7164
5171
3928
8747
5741
9863
3592
6908
2556
6823
627
3366
391
2423
6448
4216
2501
372
4823
1100
6598
1082
4707
3403
2588
872
5434
6342
9419
5505
9344
7618
8349
9572
6888
2980
602
5758
381
6749
262
4430
1424
2567
7450
5722
6035
2113
8167
8112
8485
7672
2169
591
207
151
1081
5623
6911
9935
8917
4638
7058
5306
4260
5413
5288
9917
5812
5210
6690
5308
6135
4127
5103
6115
174
1451
7912
1618
4644
2064
2680
1928
2558
8189
2112
4596
2353
2724
2666
1175
6356
78
8684
3838
2680
926
4319
9407
1717
6452
9857
9841
3207
7779
4888
5921
2714
1956
4312
6994
97
4220
695
7109
2845
8524
5742
8970
668
1415
402
6214
1471
1434
8053
4373
9393
9095
4295
1473
9205
2242
416
7555
8671
4768
4659
6842
1462
4108
3435
7994
9624
252
2633
7255
6958
771
2385
994
6146
2921
177
5843
5615
1144
500
3560
6039
6584
7878
780
6939
9245
3177
7755
6646
8159
3415
5605
4426
5915
521
3698
6944
3352
951
7653
6602
780
369
3252
6908
4912
1629
2726
682
18
5634
7374
9491
6505
2853
2167
5199
8654
4450
2465
948
233
6973
6347
4623
8217
8473
1441
3777
2088
1529
7160
9560
622
1221
8279
9697
1510
7823
2472
3578
8926
3495
7280
8012
6722
4892
9579
3737
27
9284
268
9554
9716
7341
611
3916
1918
2772
6815
3236
5317
7063
7575
8625
1810
7974
9636
3721
8817
8639
9793
55
8806
1163
2997
9563
8780
2018
4368
6689
2990
8694
5236
7367
7322
575
9046
1946
754
2098
9205
896
37
8136
2571
8204
7614
7932
210
5117
2155
1845
9576
1943
8960
4453
806
1798
6205
7377
829
3200
2766
5202
8002
8987
7441
619
8012
1664
6829
6635
9019
8190
3537
3221
8764
7713
2443
8831
5610
4180
7754
3097
1350
548
8758
7918
5242
9303
6206
9231
6827
5726
7410
2830
7454
3175
1987
4840
204
3798
2312
2535
7688
7316
1250
375
1873
2648
769
5447
5235
8134
9368
7634
9283
4325
5935
2079
1866
5286
744
5429
8705
33
580
4339
3503
1154
8247
1887
6799
692
4969
222
2133
1868
590
2772
2258
6282
2664
1291
9510
6667
7196
8585
7718
1203
8291
1726
30
953
2689
7243
9144
2435
3227
1225
7086
5540
3797
1064
9772
9699
2633
8855
8602
6830
8191
1476
5992
3502
5497
8613
9883
3628
2350
1430
103
5189
3690
387
4573
1674
9667
5529
3768
5323
7439
6488
7394
8646
7124
9563
6812
1482
5969
3563
1598
5184
9899
9905
2715
8668
7770
8395
1593
7025
6230
9537
5599
9139
1132
328
6896
4209
5749
3494
72
6098
5368
9095
180
9710
8702
1392
246
17
6775
6514
1113
8540
5244
6593
5010
525
8053
358
2600
4560
1148
8626
6934
917
6913
5315
3886
548
1454
7772
192
3775
1998
5056
6683
4903
8218
6751
9811
9825
4149
308
3700
969
8505
5198
2870
7288
4976
8494
194
3635
5864
6768
2547
1700
2929
7854
8992
4077
9288
9041
9209
2378
2377
809
4704
86
9040
9887
1579
1505
7249
7353
6935
704
410
4494
927
1557
1077
2762
9916
5809
6658
9924
2751
3207
3908
9183
1150
7875
5434
1406
1307
9243
2689
9835
7531
2517
9289
169
101
6201
9141
488
6649
2904
5367
5609
2916
3709
7883
1860
5569
9570
7954
1942
8033
6007
7410
2046
3087
4719
828
5786
5309
5019
9183
8814
2243
1915
763
3157
9034
2834
4648
6826
9699
5193
5303
7561
8285
1895
826
5986
4743
3103
8928
3486
5218
5674
9363
5157
8555
8776
86
6527
5752
6433
937
1465
4177
4928
1711
2923
9441
9170
9730
2215
9500
3820
293
8949
5587
347
8169
6845
6054
8751
5204
5876
6842
6635
224
1498
5099
6678
7040
4787
3507
2453
7096
7478
5228
2365
669
2498
9795
7988
411
6775
9421
263
5158
1796
3550
3841
8242
4877
9143
8555
1623
5551
80
5551
4351
23
2983
9217
1970
2383
6855
3664
5173
5275
2781
4729
8782
1732
7671
909
1082
1058
4926
7396
3939
2175
8309
6002
9436
6489
1906
1481
2239
5769
1212
3472
634
6722
1798
1346
2676
7947
7020
1193
5510
2017
8011
9452
4712
2823
9126
103
3433
9887
6966
555
7124
2350
2337
2693
4047
2363
8798
659
4790
5976
6696
3685
3559
5252
9393
6016
2335
6303
1561
1176
1285
1904
351
8127
6341
1396
1015
5513
1984
2360
7517
3699
1649
8633
6585
8627
6131
1913
4228
8913
1762
2437
3161
8326
5984
6308
9103
2035
1641
6323
8215
4134
1272
6799
5793
2041
5227
2659
1443
5932
2389
771
2348
8788
3666
5223
8342
6291
3648
524
7467
8761
2093
3767
9114
7307
827
2092
6361
676
507
302
2125
58
8777
8376
280
2178
7684
4171
2082
7926
7601
1689
9947
6406
4080
6977
5072
7021
1855
620
508
4117
1165
4776
4929
6621
8306
770
6551
7370
6990
4586
5843
556
1007
1505
4620
3683
8166
4150
315
1377
6172
4882
897
2370
1937
8336
8878
4393
6070
5057
6366
1357
6348
4318
6694
7268
5308
2015
1616
14
9432
1709
1027
2245
5233
867
2343
5859
1419
394
7095
9477
6718
7157
1271
8351
1039
3322
2040
3600
5518
3730
9082
1015
5921
9138
4066
1862
481
1467
4524
7894
7091
1024
2275
588
1561
6038
5230
3242
3098
5824
4621
3193
3456
1291
8165
4021
4400
2151
5943
7609
6720
2504
9256
557
5684
1100
5180
797
841
1806
6501
2764
3973
9770
3291
1593
158
6402
4396
1761
843
1248
8662
2341
8968
8797
9697
445
1486
1857
2147
2700
6258
1516
207
4374
5117
4420
7278
5008
6236
6144
2560
535
5000
309
3492
9044
2328
78
6438
1503
5974
2594
5161
1745
3136
5457
2246
1150
5440
7358
4083
2930
9086
1332
1815
2091
2915
6738
2237
8744
9346
4632
8744
1280
7075
4583
5862
2806
3903
1156
1751
556
1795
5373
239
7846
8670
255
1514
8288
9693
3160
896
3970
2986
5096
4986
6419
6993
6973
2116
2332
1219
3391
6578
7534
9085
729
1864
6054
1851
7994
3445
96
3594
2987
6352
9323
6652
9217
3158
9243
3055
7189
5298
3732
8576
850
6110
8070
1708
238
3608
8340
4663
2813
6921
8761
3600
5395
9298
9741
5973
4921
9496
4836
339
3954
4435
936
5457
1565
2161
2792
4621
4189
2944
8977
2071
1976
907
9148
3405
8461
5284
3720
1926
3722
3347
8586
2403
6957
3374
898
595
5001
7834
9807
7446
1915
8992
3525
4596
8029
1764
174
1631
6794
6898
7008
4214
6755
5050
4222
2108
1458
1422
433
1480
9518
8760
328
6494
2302
2242
4333
3950
8337
2944
810
2315
93
7472
5707
879
3607
3462
4022
3309
2755
9329
5673
2423
6043
6306
2019
9825
6933
9870
6518
1238
8496
8786
1467
6089
7280
3158
3702
4334
5467
4805
2267
4331
2370
4731
6641
9481
3732
5312
2199
863
2175
5349
3365
1409
8360
7932
8195
5013
2173
1421
5023
8102
1530
2838
9179
620
4553
787
438
108
1197
9950
8300
1020
7744
4729
1568
106
3643
857
8425
1949
3047
1941
90
3180
2034
1440
2567
8110
9588
4275
7845
5650
5458
6894
7569
431
9138
7200
6516
7998
1840
3174
2725
199
4801
1600
9039
6362
1782
4666
7188
672
8483
730
2563
880
1360
7669
182
3237
2240
1271
7423
1984
321
2418
7668
6155
9475
9110
2760
4798
2444
3059
6284
7829
11
6891
5382
9153
859
635
6065
3118
1179
6283
7413
3253
9372
7412
4712
6499
7242
7122
9509
810
3198
6362
7436
9334
819
7869
2235
131
1257
909
1115
4621
4966
6784
237
2215
4019
2611
3399
6288
1718
2273
7978
3571
5068
3556
5062
447
7898
3947
400
1430
9907
541
1762
7961
6316
2236
2388
1988
3566
125
1818
7734
3612
2104
9325
420
6982
1003
3391
7471
5805
9779
6441
6242
7257
1710
1527
6848
1559
6811
6935
446
2230
3955
5229
7549
4228
1148
139
8427
3396
9595
7151
3546
7780
8314
3373
3169
3132
7242
2703
9329
7033
7291
1066
5739
7946
1273
1331
3920
1770
7113
2034
1129
6224
7701
3814
1752
7940
9876
4024
7567
739
6462
1108
7648
8885
1054
1958
8228
8428
1017
7697
4815
3040
702
5126
9364
5113
5438
1395
4630
6124
6430
6394
2975
3913
5595
8723
1748
420
9405
3124
8664
2627
1663
768
9311
9000
7838
2430
662
3728
5807
3356
7794
426
5014
740
22
3772
2885
5566
90
2867
3746
9557
2152
8825
5244
9790
9623
8060
9823
1526
5502
6524
7157
3980
2561
2549
6351
991
2208
2462
6117
2665
1345
7073
8171
2268
682
7676
6085
7388
1699
5367
2684
6078
9356
5992
5281
2078
2219
4067
1393
7703
5769
6934
8697
7215
5101
6308
6156
6081
824
8495
1939
9999
3299
7051
2756
8455
2678
3777
8535
1797
6235
3810
1508
3818
9187
3645
8129
9276
7287
2307
6251
2366
1681
1560
7523
9409
6619
2172
6987
4986
1144
2731
5360
3894
9634
8482
3226
284
7412
8835
1986
3426
3529
4570
3124
9491
8005
7057
1701
3071
7331
3458
6710
9539
1054
5147
5898
890
3251
2694
452
8308
5094
2041
5653
5351
1077
2908
6981
355
9115
7273
7519
6602
8790
841
3378
4816
538
236
7700
1007
1302
1625
6954
2094
72
8407
5414
4451
7581
10
2800
1655
204
9267
4185
2297
340
1457
523
3509
7618
3325
6165
9814
1976
3701
7222
4825
2650
390
8855
5861
138
3263
4110
5144
9447
8020
7616
9811
6946
8608
3223
2249
6833
4287
5045
6820
8279
379
535
665
8355
7189
5517
8477
5032
9351
4249
631
6429
8999
8918
4567
5686
4414
1643
8184
1027
4937
608
8083
9592
864
16
2324
941
2950
1648
704
3270
6577
8335
1591
1285
7802
6958
471
8046
806
9762
1121
6172
1814
2664
992
1778
1772
5960
183
9493
1616
3517
5609
8520
7042
4420
7423
3016
2608
131
9894
137
1002
9884
5528
272
5604
4593
2300
8626
44
2634
1264
5165
5021
5894
8693
4230
4386
5342
4491
6819
3711
6496
127
410
6989
4010
9171
218
3813
5957
29
7384
799
8549
6098
6476
7003
9086
2933
8061
3087
217
1034
7834
1842
5431
2624
2539
6424
8245
3934
3351
3919
7952
9069
1159
5674
9307
4199
7003
6924
4543
3678
8267
7160
5107
1936
6657
5446
4892
8265
9621
1080
662
2025
8665
1470
3588
200
8183
4406
4996
2952
5031
904
86
4026
1413
5953
5471
755
5123
5503
3401
3104
9722
1933
2205
2215
407
7582
9188
3888
3028
5823
6138
3604
7748
1832
4772
8533
6323
2740
3331
6527
5101
9298
6122
9054
9966
266
2301
4863
234
1844
2762
1963
7902
4853
9900
7729
150
8795
5709
4019
4448
8700
6844
8452
769
5130
3344
592
4104
953
1164
189
2400
772
7539
2369
361
1709
9773
324
5288
2516
9419
6375
3709
9705
8423
1509
3910
1509
1984
873
2035
6214
4229
4256
7946
9530
2991
112
7884
8159
2740
9
4135
2967
9610
9115
5357
5729
6968
7017
6069
2822
8419
3853
6193
6466
7112
2667
9776
1348
5492
5290
7620
2759
3308
3088
3398
1937
2890
9453
472
1356
5254
8140
4812
2260
5862
1365
1396
128
374
903
9497
4036
5835
7140
1920
1926
8244
3628
1434
5439
5810
575
555
5077
4810
2029
8541
3527
3241
7904
6661
8201
536
4509
4534
3760
847
8119
9669
592
2190
180
4253
1700
1530
7604
8372
765
3205
127
5405
2416
770
4190
8335
5033
8567
1470
7623
4212
803
9984
2154
397
7826
7892
9005
9622
5679
839
5048
7930
2649
202
151
4559
8089
1846
5011
5553
3555
2908
1042
6877
3691
530
3210
6843
1818
9579
6028
7104
5057
8837
4638
306
1005
2074
1225
2429
4188
6847
8853
9765
5999
257
2609
1165
192
5088
3287
2904
8261
4332
6063
7695
4454
6448
1107
5378
1980
6140
900
2354
2042
7304
6555
2638
5825
4149
2562
9036
6766
4230
9924
9915
2823
6783
1569
7734
2470
7789
8327
8396
5396
1766
5486
9710
3962
7426
5474
2328
8340
8714
3287
8851
8823
5152
1256
2762
981
63
7216
5036
2062
9701
2477
1778
8345
1230
5345
3058
1651
4562
4475
1651
5975
1426
9925
6497
1376
4175
5135
35
4827
2636
1533
8683
720
4613
1309
94
9809
3536
4987
7525
2516
6898
3784
8339
7966
1125
616
3592
9953
4185
5291
7413
5655
1769
62
5905
4111
8800
9203
3196
8312
9323
9582
3746
6844
6544
1266
242
1983
6063
2971
2335
6055
9160
9261
6006
4494
9005
1357
2833
5077
7897
782
3852
1964
5634
7712
4519
8912
5867
4932
1627
2004
3501
4210
9136
4563
7031
2126
2861
8420
5220
9401
4034
9936
9516
3540
771
9840
9021
1610
3014
4058
1099
2942
5951
2605
8101
1987
4889
5242
1338
9867
3032
9287
3212
7794
8684
2270
789
1340
1033
6379
4663
7035
5925
1366
5160
3237
6514
8861
333
9318
5100
2182
3350
211
3813
9923
331
367
1072
1894
869
9696
1930
3720
4272
4
7727
2149
7759
8337
4652
7754
5825
2538
2817
2418
7443
4185
6698
5516
8182
6953
8798
2993
9442
7475
5431
901
6795
4860
1395
7612
9810
2092
3498
735
5808
4418
5873
1871
9279
8998
9807
7385
681
4335
8254
2347
181
5894
2676
9478
5582
5355
2547
3828
5559
1607
1149
9932
2509
8610
4620
467
7675
1173
8032
405
260
6370
5930
8437
9148
5651
1098
9217
7287
1985
52
9738
4119
9862
3688
6754
7168
5428
9058
5815
2046
8695
6431
6047
5801
361
6545
6788
904
8581
8180
210
3380
2334
2210
1566
2558
5376
4852
7370
4244
647
6459
8662
1392
4031
5790
761
7041
3676
4244
2801
7246
8507
4628
8455
5544
617
1707
6694
8399
1330
8942
7805
1464
8844
7761
7539
7166
6166
8679
3371
3463
2779
2762
2520
9368
5563
8462
627
923
9435
3825
7963
5359
2796
8678
5467
3921
9322
610
5794
7690
3958
8742
7183
1353
8038
9902
892
2019
763
3609
7853
7400
3668
219
4664
6808
3601
767
6279
5077
4874
1185
9964
3050
9760
9403
5572
6428
5412
798
3488
8769
4680
51
5280
5967
2115
1922
4416
1397
5593
7491
4391
9056
9737
7124
541
9399
968
4122
3358
3543
527
6747
1261
6678
9585
9980
4666
6338
8960
7478
2966
1322
3696
5998
6439
8768
4411
3077
231
973
9062
1597
8434
7509
4708
9438
5552
5293
6938
3367
2143
6442
8691
9673
2565
3995
3365
8704
516
5770
2868
8435
2911
3663
7653
2063
4108
3766
2790
2431
411
3346
6028
6783
70
5154
5132
160
7192
6802
5534
7390
323
7205
8335
7857
8381
2450
9718
4529
8299
1853
105
1885
5793
9335
2417
4382
4680
1048
716
2247
9121
812
7793
6256
5098
9388
3161
1028
2910
399
7228
8503
4689
7040
5721
7932
1469
6418
939
453
598
561
2008
316
7877
6043
299
5907
6419
5711
21
759
3252
9828
415
3882
118
6461
6547
8048
9482
5019
8940
5834
4978
468
7179
8034
8380
2739
8539
2902
4638
8416
9976
7720
8146
8418
2827
4709
4996
4465
9833
3237
3482
9313
3629
5875
211
3164
3106
4893
9171
3759
6806
1934
2798
856
172
5034
3922
4110
480
650
2282
6945
8240
1289
4913
788
745
2285
724
9033
4880
3690
1515
9579
3619
804
2329
6833
3486
7811
801
6642
6178
8940
9932
3812
6691
4542
9464
1226
6705
4826
5571
9293
6634
2486
4745
8873
6781
4179
8554
4444
8258
9326
80
635
1321
2356
2527
8117
6704
3482
5917
620
1624
4108
36
3793
2634
6436
6326
3407
3606
1677
8417
9147
7821
1512
2467
3626
7344
6591
6383
1812
4823
4393
2928
2183
1351
4877
8110
8207
9070
2858
8159
5109
1393
7046
1408
5798
8424
6565
7924
7973
6791
8109
2139
5203
7297
7303
6695
4622
5288
8073
1211
24
6104
9106
4837
5322
4773
9525
4413
7144
2497
8394
1118
8150
8483
8017
5285
5371
2853
6745
3160
8101
1084
5072
2698
7774
6157
299
7068
6669
5454
5064
4677
4048
923
2418
8836
3609
171
5349
8021
7206
7266
5747
7715
246
2343
4103
2014
1368
4777
5831
1965
9430
2221
6943
6229
2179
2795
2444
1482
3200
4667
3590
1365
9397
5402
7553
1752
4766
7041
6517
1854
9523
8183
4845
3590
1597
6102
8574
2113
3190
1420
8649
5289
7297
8995
7682
7973
2586
6738
8881
4394
5646
661
329
7733
9358
2331
3703
4198
6208
1327
2317
1775
2999
1194
7120
3710
3796
406
5983
7974
9084
7302
8757
645
5660
5572
1905
6113
8171
7578
1795
2980
1295
5926
1546
4874
3299
9032
1564
2281
2279
6493
7157
9984
8152
2305
7204
8531
5362
4049
4306
2166
9539
2543
3988
5496
6481
8105
3811
7938
6959
7740
3803
3743
5436
3860
1392
1295
9437
5656
568
359
8716
4148
5028
1627
2208
7590
6768
2302
47
3341
3870
1897
3890
5631
5374
6634
3112
7499
2722
3679
1981
5246
7326
8676
9212
8153
3605
5673
2691
722
6114
7656
3718
3418
580
9253
2311
7024
686
7527
228
8276
125
6246
4785
9582
8219
1877
3064
2800
308
5441
5118
5417
759
795
8999
7868
8111
3027
7901
48
643
7813
7949
4345
3579
7289
9539
2343
8100
501
7976
8061
869
4470
2648
1317
3795
1759
9081
7809
4434
2736
6024
7477
8461
4139
8102
6820
3351
1315
6611
3353
2563
3798
5162
1719
3378
7565
2126
3650
6891
5777
2291
8352
1791
6000
8448
9514
413
1680
2531
5543
1475
6947
437
5179
9063
2076
1216
811
9493
5905
1982
2117
9018
2370
2644
4014
4448
9321
6079
6651
906
1698
4637
9556
3699
3837
2000
6758
9586
4225
7246
5465
4001
2403
1869
7873
9934
2391
8269
9320
5217
1271
4950
8956
8655
242
8003
8917
1919
902
2415
7113
1035
4865
7871
227
6985
2228
896
162
1562
8537
6755
3486
6930
2535
9910
513
4410
500
582
8275
5395
2058
2529
3782
8860
1757
2384
6099
501
6364
3764
3636
1364
2901
1777
9204
2696
6222
8809
740
8093
7553
3210
7504
4768
952
4698
881
2867
4538
6401
5588
7250
3092
9513
4875
8519
2908
18
1682
2795
1634
3305
5957
4718
9991
5833
3471
1466
6578
4418
4038
5203
2465
1225
1862
5441
5901
6913
9595
8880
898
3672
8387
7591
5533
4005
3347
9721
7318
5905
5465
985
4512
9219
5570
3729
271
3681
7533
4581
8698
5251
1199
4883
2720
7882
120
926
271
3313
102
7531
5299
35
248
3883
717
2957
3142
4362
8564
8133
4768
5143
5744
1308
5108
8693
9972
4192
6804
146
2619
9381
6199
5094
1559
3348
2286
9390
9894
8436
8681
2634
6182
1753
6732
5939
2922
2794
8269
7537
4014
2791
7823
460
5175
7147
7267
4178
8047
2094
5917
9688
255
2655
1381
8068
6013
1328
352
3051
4169
2897
7214
5046
8547
3090
1541
8698
9999
4323
3870
3080
7595
7358
4846
18
5600
2088
3112
9023
7
7348
4256
1553
9230
2537
6387
4773
5835
8613
2758
4779
977
7857
412
3287
2881
6934
1436
9447
2738
3360
9618
9093
8724
9011
2501
943
8913
5868
1001
2501
2389
1305
4886
4739
3503
5963
9224
7681
2873
9995
4392
5335
4533
2251
3051
2916
9000
5870
1322
3361
2108
1802
3554
9649
5072
1853
6668
9324
7186
4926
7664
3693
4448
549
7317
600
9979
7022
5196
5231
8926
8890
4894
9527
9230
9399
1043
999
6673
2177
5317
7969
2644
9320
9316
324
872
9684
5211
5297
9900
2854
7123
2108
7537
3057
5815
70
4666
6505
743
137
2354
3947
4816
8355
6867
9325
7596
5030
7764
5063
2295
8687
4595
8898
610
5430
8611
4928
9675
6885
5639
2717
4540
4301
5728
3732
5554
277
3747
2357
9601
5541
5311
2437
6695
9634
1117
6438
1518
5082
9624
5129
2038
515
5616
2369
1203
782
4570
5242
8050
7234
8698
9194
2369
2791
9652
4406
3696
5167
3582
9224
1107
7164
2666
6864
2281
9070
5827
153
8914
1659
5094
5438
9084
9108
9700
3804
5998
8166
516
5209
5849
4606
6942
1973
8668
8833
8197
9376
2151
1035
6869
8909
195
1157
8622
1125
2544
7485
6718
5967
2558
4001
1878
5982
1648
9707
3782
6123
7197
3636
7547
805
9497
9618
6714
2359
7092
5188
8509
1561
8209
7600
6477
5449
1866
7946
2864
1579
2130
8056
9686
9918
4219
8387
2095
3682
9929
2673
2207
2791
5367
1985
6708
3239
1864
774
3463
1127
1361
6120
1521
1881
6677
1399
5457
6198
3952
3921
8875
3210
4905
9078
2498
1360
9570
7067
2729
2384
7809
1788
1191
583
8372
1205
8377
2342
6112
8930
44
669
795
1861
1964
7113
1579
4088
8726
7355
2654
9748
5621
9003
2251
9505
3099
189
1577
1023
3485
99
1151
9348
1589
4051
5212
9095
1186
3178
8008
61
1186
1153
7546
6914
51
9264
7851
7979
5847
128
1466
9289
4166
565
930
2335
1304
9611
1578
9976
627
64
7803
9379
1665
3827
2183
6657
2022
2204
6375
8033
7329
1596
6598
6216
2561
1734
7949
7735
3786
9038
2254
3448
2759
1968
5221
3994
1570
6148
8203
5149
3138
1377
3757
7183
2629
1088
1181
6393
7102
2803
5415
3524
2480
485
5767
7280
1756
3155
5241
7605
6919
1916
9713
9099
4512
1445
5852
488
4064
4096
1222
9272
2099
8365
5293
8722
2022
3089
4166
2312
5362
823
9615
639
9128
3461
8469
8048
924
3552
5079
2494
1495
2674
8602
9080
9720
6923
9999
8482
2523
3829
4930
3807
8541
9517
9603
7842
4799
2095
7002
1622
9529
9040
4375
3065
6096
8402
952
7968
2683
7108
2031
6887
9474
232
9283
6041
776
7722
1285
1455
6395
9037
4758
6188
57
5783
3096
5208
8854
9216
4546
5802
587
8855
4311
2380
2385
9270
9529
7994
9598
472
7113
8699
3615
9591
7715
292
5559
1162
856
777
4231
1183
8972
5349
8031
6741
4162
4907
8419
6110
5556
606
6081
6899
6023
2510
4402
7801
8878
7812
800
9986
558
9889
5159
9063
9922
1954
2974
7652
5232
8470
1992
7812
363
4498
9334
4431
4874
5077
671
2209
1625
4984
9043
3965
2559
9737
7660
1810
6512
5848
3670
620
1812
5840
7217
7502
4760
4346
5717
8367
3987
607
5813
7011
8395
2813
1862
7820
9289
44
7426
3023
8874
6625
6296
540
647
8227
615
2425
8
2028
4923
9806
9541
8753
7542
4310
6685
5062
1971
3108
2074
6684
3703
180
4292
5436
73
36
7909
953
5139
146
7325
7489
8457
1272
7304
36
6362
1318
2540
7785
8453
4670
3319
1484
1294
4966
5753
7660
9248
4137
9197
5781
8309
6495
414
4553
1140
6671
456
6836
2139
7410
4300
8272
8861
505
2152
6806
2637
3473
118
7750
252
966
3012
2009
8272
2727
2084
4437
5013
2344
4276
2097
5224
3981
6417
5546
1570
7478
5864
9077
2465
261
5486
8405
7405
9512
640
5295
9050
1651
1581
829
4569
2446
6626
5120
5684
6927
8630
1961
1594
9385
2680
490
6375
1205
3093
8072
584
6367
2287
6947
9262
1925
3866
6058
5009
956
825
153
918
1924
4136
7428
1140
4252
9691
1800
8147
4680
3943
5536
5734
2
8991
2630
6635
1744
1299
522
6737
2485
1555
2072
3081
6170
794
8133
3616
5501
8281
5610
2668
1978
2289
1156
9028
5690
8646
7083
9381
1946
2176
9201
1810
4173
4243
8078
5516
788
9185
26
4067
829
7486
3962
9115
2842
7685
8575
6194
2436
5034
3787
3362
8975
3375
2661
2786
8527
9146
6655
6049
2459
2007
198
1382
8802
1450
1513
7169
1307
6040
2446
406
4401
5879
8946
9964
2335
1555
8992
1201
7976
2322
4691
2240
6154
3098
5791
7989
8692
1601
1325
2224
502
6021
1109
5337
4951
78
2737
3155
9581
1217
5151
9075
7592
678
9544
2867
8352
2252
3567
3650
801
5067
7916
5951
5604
9994
8665
1238
1808
98
1484
8313
6432
4099
6647
2819
3382
3270
6668
6905
2432
2434
4245
2722
1723
8883
2323
5241
2374
5224
4149
2352
6520
5708
940
7479
1652
2663
8141
5693
427
2405
950
7669
1154
1720
1332
3997
1783
4457
7812
2028
9998
1941
4568
6714
577
102
1741
6373
1959
3215
2395
8833
4900
7596
828
8287
242
5305
9809
7233
1261
6578
7585
1052
3349
7195
1187
63
2000
5217
1327
9539
2959
353
5232
2980
9330
4231
5676
192
750
105
5927
8413
9869
6069
2532
6175
9558
4952
7998
5530
719
1585
2678
3861
6081
1670
2670
3232
8347
6341
1958
2327
841
6653
1316
1703
86
2078
521
801
4624
7070
5570
2973
587
142
1660
9121
9401
1469
1308
6817
2136
75
4333
601
9116
4656
9275
3977
6527
3373
7872
7920
8182
1587
3869
6860
182
1971
4396
4177
1079
3655
4723
9881
7607
3583
635
2506
4578
318
1538
46
5777
4982
4078
1487
6608
192
3235
9329
4709
5537
4055
6789
61
2570
3747
683
2809
383
3933
9239
2618
6698
4452
4760
1176
3840
4235
821
5977
2564
4762
7960
8832
155
3025
8608
484
688
5518
1809
5219
1273
609
8511
3175
1546
9470
3659
6392
5768
4723
8476
7825
1408
91
2562
8471
345
3426
4264
7799
1032
3018
7096
5423
5891
4637
5923
449
4151
5828
497
7316
8237
2759
69
6459
3291
9366
5604
3513
8567
6407
2856
5829
8594
1249
961
827
8978
3225
2139
2019
7984
5387
2245
6598
7236
5803
337
7822
8653
5372
7192
9949
7766
6385
1392
7697
949
7730
9056
6454
5669
2049
5218
1837
3590
734
4186
9276
4836
9304
1159
3925
4678
1381
9224
5868
5687
7459
625
8931
5098
1327
3022
6232
8714
1415
3207
2449
496
4827
340
1655
408
8761
7507
1601
5638
5626
7496
4546
9461
6918
2676
7654
9040
7551
4873
2600
9189
1197
5740
3416
2758
7910
7372
8972
850
3968
259
5124
740
5193
9579
2482
5338
9847
146
5882
8505
6204
8865
8758
6382
9213
8217
6813
760
3651
7055
6933
2133
3729
970
4230
8202
9766
5114
7905
8695
6982
8091
2369
7785
2100
2379
4769
2226
2659
7128
7055
7094
7021
8365
9263
2808
7219
1183
2162
661
3703
4659
4856
3662
4118
82
4868
6364
8586
3215
4160
4911
1279
7960
9681
1639
324
908
2971
4823
740
5389
5272
839
6902
1557
9269
697
1553
2381
1166
9630
468
7596
4827
9370
6549
413
7675
2245
2025
8596
6864
2451
36
2994
5866
2375
609
2823
4009
5027
1683
9272
3997
3075
2333
2257
2753
5691
5183
7260
8440
4157
8210
6802
4998
8528
326
7778
4465
3678
2010
1968
3769
5180
1548
960
7510
4591
2434
2339
4498
5021
6504
2225
7239
1666
2378
840
6778
9876
7269
1443
8072
793
7161
7007
2143
2392
2641
1562
4208
6861
902
3372
5092
6177
2001
2571
4509
9561
2320
9162
5214
669
267
641
5085
2844
9303
5939
6408
94
8250
2427
5766
1690
9056
5657
1040
4202
270
6860
5344
8059
8101
32
2440
3273
9929
2106
2837
3083
9987
6785
1094
1515
4228
16
8168
2905
1338
7209
868
9632
9224
2348
2235
1832
1601
9528
2320
8110
2341
641
5159
6369
1743
1267
7117
2446
6222
2326
6248
9327
3891
2498
6768
1855
6458
1557
2127
9281
6525
2563
3541
8226
9173
3517
7038
1803
2306
3653
4616
3020
4173
4513
1487
6486
1468
1886
124
7191
2422
2326
9038
2523
6759
6309
6567
2433
5686
41
9754
1164
3334
6472
275
2059
6666
2887
7512
2252
9116
1320
7950
1516
5135
259
5472
3169
115
488
2155
4684
9658
6915
4349
2505
57
322
1744
441
7456
5955
545
8882
1741
1665
8310
2069
8158
2049
1536
2193
8711
2376
6508
934
2483
8767
8800
9548
7565
1162
9765
1317
4177
7237
3103
9168
1215
3823
4949
7823
736
1660
2845
2828
8764
1894
4583
103
2459
4
5838
5171
7578
2158
2474
9522
5825
3871
3705
6046
9666
4555
4735
9930
117
4611
9531
776
4706
967
1293
7436
1310
6924
3845
4528
1850
6398
2957
5529
727
391
2154
8634
9871
7025
1119
7513
8192
4040
1266
1455
8234
2340
1315
8115
1196
7766
8410
8425
5434
1392
5584
4118
5617
6154
209
7271
9950
6514
9761
8627
7548
1491
1069
7327
6780
9898
5715
4353
6666
6853
340
7399
2125
4444
6840
7144
1791
69
595
507
5342
7459
1255
1926
2451
8398
218
2714
6289
6297
9946
1662
4320
1760
942
8824
1002
9184
3694
5939
8981
5596
7558
5566
6163
1820
9414
4737
8630
9529
1950
6550
2344
6391
4201
1365
5722
2881
7159
879
59
3596
8160
576
7563
1525
677
9071
5665
7084
6649
152
5226
5429
1168
6012
6675
9212
2998
3366
793
1561
7187
3378
5854
8132
7246
9385
1695
699
5936
1856
1956
4514
1515
8834
4455
1290
5259
1307
936
4053
8635
1318
609
3385
1658
8857
5958
6851
2319
9184
5247
6222
4331
6183
4025
6420
2911
460
7289
355
3694
260
1411
1716
5748
812
1754
3433
215
7139
8489
4340
5100
215
8225
6672
1133
7053
580
1530
2426
4789
8546
975
6413
2989
3745
477
5107
4437
6242
7762
9192
146
6593
586
1826
103
8574
4967
7153
1009
426
449
1189
6834
756
2673
9472
1920
309
8296
1901
7535
664
693
2546
9116
3406
8855
210
1451
2944
3472
662
100
4407
5835
4877
9513
4681
5855
2689
4652
8660
1443
4508
382
8768
2340
4331
2075
4720
454
2418
1220
8394
9352
7921
1021
135
5595
8757
2552
1372
2676
3489
8769
8794
7663
4190
3836
4964
7926
9520
3708
1071
9107
1292
2053
5182
5107
4983
1732
1055
635
3649
3326
3647
6639
2738
7990
2565
8529
8211
771
8926
7974
5296
5937
4133
63
8748
4311
1126
4887
885
1113
8739
9016
7466
3950
806
2276
5707
7941
9128
6960
9424
6083
1761
8579
509
3840
5297
976
5732
2820
7054
9375
9787
1452
9071
2515
7231
5857
5529
616
8873
9867
5320
3307
1424
2929
8800
7023
4095
6116
6420
3037
4969
5405
2118
4139
6363
6292
4433
5584
2640
2931
7860
8759
8442
7994
991
6594
2480
5380
8419
9169
579
4106
2133
9604
181
2294
4675
2701
1052
1739
7451
4569
739
1955
1992
6928
4899
3129
7581
491
9952
6248
8567
8181
1590
1075
6014
3829
4262
1767
4093
3708
3643
5262
7539
3786
5986
1797
7369
4533
793
7584
2708
9981
1351
4541
6541
2425
9565
2198
1087
2086
5611
9899
8752
1570
7334
1807
4532
9540
2041
354
3039
2030
4553
3135
5866
1061
2478
3174
9864
3456
846
333
6953
1488
5580
9491
3278
6287
7121
2485
29
6092
1722
1924
3112
3029
7091
6902
137
5606
6673
7388
2561
7650
7574
7589
2946
9358
2993
1841
8569
3974
3748
3961
912
2331
4666
9580
4834
8810
9336
4733
8224
3715
2851
3419
4228
8535
2819
7601
693
6627
4247
9407
7850
413
281
1320
3346
3165
563
7967
6708
3534
882
5275
4050
4005
1242
1266
8963
7697
9594
3589
992
4419
7729
8089
1503
4240
2560
9046
31
996
2242
1091
9220
7578
6331
2625
3140
7993
9613
5398
8160
4225
6944
2221
7335
7335
3170
8525
2999
2525
9053
999
5157
4229
9241
9924
7760
935
2130
910
9025
3665
603
4638
9333
6575
4386
2630
7134
2075
4262
7199
9158
2774
1639
1734
3238
3096
4172
3475
471
3045
6651
42
743
193
2741
6597
8174
1285
655
4002
8977
5073
7897
3161
8742
9476
9192
5297
6105
5739
8326
5651
1055
6086
3517
190
201
1393
8736
2989
6187
3650
171
5558
4813
4846
508
2229
7506
8129
3345
9192
2696
3917
692
4524
351
2994
6037
184
7869
2032
9782
2248
7553
169
1677
8493
8166
5050
4437
3155
1147
603
710
6291
401
4517
6214
154
1172
8947
5952
186
29
5452
1412
271
2183
8481
6287
6917
674
562
3533
2168
3013
1206
2988
379
8582
6218
6851
3741
398
5881
1602
1050
2041
9325
5996
8462
4172
8629
9234
3519
4026
3191
7714
8395
7384
4696
9088
719
5343
9194
6947
873
1378
5557
3172
7953
1633
5306
5714
6500
5182
7795
569
5937
238
4879
2917
6152
4929
6701
8337
1326
9237
1670
4181
4406
1448
7808
9663
9645
7597
6816
6017
6437
4482
3151
5724
3381
703
977
4923
9630
785
2066
339
961
9767
3346
6969
1439
5917
7331
7877
5809
6183
9216
9557
4730
528
5856
1013
7353
2964
571
1966
4451
971
5164
220
1664
1752
2920
8069
549
3152
7358
4183
658
1374
5151
2304
7293
3030
2096
6852
7535
2424
9646
6747
5005
360
9825
2217
7562
2940
4164
7410
2491
8454
3571
1245
635
5635
7382
8440
8655
3346
8670
1453
701
7305
8974
3
4825
8981
9980
6504
9904
8720
3335
6654
89
9032
9802
131
6824
525
6786
4661
6277
3051
1597
4998
9260
8553
6100
7949
7030
2017
3947
7581
6824
1313
54
9145
5435
7137
1838
6920
844
103
8915
3270
6820
5287
6052
460
59
7455
4190
5728
9048
9842
3266
2687
8269
1602
1834
6507
5201
467
5772
240
2061
350
9119
9131
8667
3220
8702
8733
7723
7572
3276
1356
5720
2991
711
3914
2251
4201
383
4010
4958
7954
8313
1601
2292
5686
1135
5418
7447
2354
8602
8717
3346
1176
691
128
8817
8069
6246
349
4133
864
9864
4294
6524
2822
3322
7287
8448
2740
7630
5372
2911
7172
1114
6803
491
4909
1579
2914
4498
3684
7068
4540
4913
983
311
928
6629
7643
4779
6259
338
9523
7615
2399
8184
8885
3606
683
7602
1016
1987
7069
1025
9633
686
2205
3160
414
6232
4156
3529
8354
3211
3621
6593
1234
7318
2787
9295
3023
9256
4260
1130
7989
2026
8444
8868
4867
3154
4749
425
1245
7765
1589
5565
2591
3453
9496
7893
6546
4715
3999
932
2611
8175
4113
8281
2130
998
3890
5991
4873
7571
5466
2438
510
4081
9367
5960
9578
8199
677
5998
1611
8605
2812
3083
1190
4942
907
649
9153
7679
4228
9547
593
6047
248
8243
2607
8271
3812
2341
7280
3956
5996
252
7301
1323
9031
524
9712
5148
5739
8999
4569
5330
1547
3811
160
9162
1982
220
2819
4026
3554
6966
6018
20
9568
4806
3105
474
130
3186
3918
5588
818
7861
84
4016
997
1144
1551
2282
4984
6942
1312
3629
8297
4430
9347
920
7113
2694
6400
3684
2081
4461
3263
8997
7395
1898
5568
1039
3506
2580
809
1515
2677
2458
6545
1754
215
1780
2029
5289
6771
4633
3464
1909
494
834
9256
6273
5701
5295
4719
7606
7913
2521
9056
8219
7896
3511
2371
8885
5374
8261
1866
960
3164
8529
1413
2382
4104
6680
4898
32
5540
8018
7993
6835
2499
3673
4439
7612
7689
5311
8570
536
7779
5312
2477
3101
248
2005
8467
9493
3022
2715
8889
5020
8879
3396
2615
4775
7005
1004
104
1479
740
3103
9531
7167
2831
1737
8408
4738
1870
94
8551
8241
870
7291
7725
6468
2473
7036
9240
1062
1736
2112
3262
4966
9735
2746
6817
3291
7424
4665
1637
2007
3434
1498
4213
1616
2474
1340
3187
2091
4811
900
2927
9210
5003
1059
6890
3015
7606
9397
4346
8353
5430
4602
1488
1175
4491
2330
7721
1618
3560
1253
1379
4168
9694
2106
2448
5454
6573
2473
2527
7054
6392
745
9769
1258
8760
8430
4410
4847
292
4406
9409
4381
7712
7555
5193
6966
4147
734
2232
1701
3309
3578
6328
2386
8905
4966
3381
4979
7199
1575
8694
6116
7037
1014
3119
3226
6583
5973
9846
1476
4653
1288
1556
8723
1884
9250
1119
7532
1319
9373
5990
972
3192
3662
1373
8491
3761
184
2121
4740
3352
7072
7374
3172
6019
5921
2983
2209
2608
1169
7877
9821
1960
1028
9421
6443
5412
5487
6667
5473
864
8031
1675
6190
4960
2747
985
1726
273
7927
5287
316
3729
6603
2144
6759
4849
5284
6410
3560
3433
6249
8305
8675
2957
5744
370
860
2687
2978
517
8028
2021
3788
5167
9604
7293
5752
7526
433
4990
9499
8230
1072
3953
7024
627
8356
3887
1749
880
6423
4284
9892
512
4237
7237
390
7740
4623
566
5955
308
2614
3503
2092
3849
4485
7496
5116
5706
1436
5010
732
573
4635
3808
6103
6641
3012
4038
8030
6449
3733
8384
4460
76
7348
2167
9980
1907
5867
4528
6794
4962
8518
5637
5687
3842
666
871
4193
5358
5129
740
1362
7909
2419
6
9128
816
7023
6749
5205
8069
6682
2046
9832
3851
1791
6731
7900
3678
985
5285
5391
2357
9669
6527
1221
5538
698
6885
8318
6970
4845
1436
2885
1798
1328
1724
5067
1673
7484
2316
1652
499
4719
5117
4032
2118
4919
9386
4828
3671
8464
4941
2554
1654
7402
7589
7102
5297
926
3623
6507
5078
8562
5827
7934
840
7596
2297
2104
84
7204
508
4114
7237
1084
533
2604
7508
2564
7434
2582
2932
1209
5297
1075
5437
3230
784
2875
5447
7022
9943
2528
4873
6128
7024
1971
2371
172
6453
4871
4809
3630
8243
2167
4977
2809
3694
4772
5007
6893
1494
7505
9550
9755
7848
194
8642
536
4151
8146
5355
1841
3324
6597
9437
335
380
3293
6926
4571
9689
2753
6960
6083
1916
8218
7455
2412
2465
8976
253
3019
2723
4309
4813
4591
5482
6672
1324
7345
6274
5357
358
4800
8175
2610
1432
5846
2861
261
9314
4558
588
6044
2768
4058
6764
7509
7145
3440
565
2872
5703
693
2827
6074
7048
9997
784
9875
3124
1857
3514
5314
4529
1874
1366
1983
8643
1965
6445
9601
5847
4928
199
9794
3586
1692
1341
8111
9718
8763
2483
564
4469
8772
9589
7640
7785
4044
8801
2229
4338
1375
1078
6123
3441
4528
1163
4276
3974
5405
6420
8107
8805
1495
4800
9961
5886
7760
1974
928
7885
8438
5794
5372
2015
9055
8570
7751
54
293
3205
4300
382
8916
4718
1486
4177
2481
5526
6570
5448
286
1384
5401
1972
1099
3761
27
1260
8447
1072
8001
327
7384
6074
9833
8924
7983
1408
2447
5624
8863
133
1410
9024
6599
5195
709
9784
4782
2110
6855
8979
5367
6019
9477
7867
1605
1682
7150
3652
1809
6049
3128
7228
473
3059
8465
902
9403
7522
600
3303
5363
2648
5325
384
1185
7652
5927
2045
431
2731
7876
61
6817
13
5622
516
1901
89
2172
2125
1613
8707
1246
7508
1907
646
3934
8771
9036
2405
4987
9563
1960
7974
4263
5237
9609
9473
2107
7017
523
6133
6058
2079
2675
9132
260
9909
4666
208
6220
3632
7964
318
123
1590
1371
2426
1958
2940
10
2099
7374
683
9079
3032
1191
1176
6216
4123
1515
9492
8874
757
2575
769
1158
9690
1575
3079
837
9118
8565
7477
1141
6537
4824
3100
2348
1687
867
7240
92
8723
666
8912
5400
1669
7221
9217
4454
8377
318
230
3093
9202
6749
6987
5121
4078
4422
7489
6837
4668
7697
5316
3297
2492
1547
2700
6572
342
9275
2321
2763
6637
600
2467
6162
1893
985
9960
7946
9555
4748
1495
4580
3764
5419
6708
2061
5233
5419
7645
1187
6097
9623
6693
9527
4927
9326
9791
9571
1070
9480
2253
9534
1818
8510
3833
4862
6944
4795
6357
493
5521
1101
9822
2990
899
9104
3798
6882
1097
5085
1249
2359
6805
5727
6272
6800
8363
4487
9741
2362
6871
2993
2390
5934
785
262
7005
483
5919
179
2015
2230
220
8505
4948
6236
9528
310
4471
1895
4001
8469
3046
920
2656
7681
1068
6724
631
1728
9421
8057
4281
7774
7042
1058
602
8391
1942
4106
5913
3417
127
3470
5371
4456
8113
6022
9963
756
4528
8517
1278
1753
980
7390
6443
5301
5986
8314
5643
5808
7209
9719
5693
6535
7338
4179
8878
9960
7339
9530
5415
6165
1773
7468
1543
9283
2061
7843
2210
306
3192
3875
810
5650
35
8850
2349
8692
5514
7994
2319
9854
215
4205
8730
131
9525
1977
9300
2099
3397
4348
9840
367
5921
1049
1542
3376
8272
2683
5975
1880
6505
6970
6556
2008
2859
6172
4255
3332
2028
6829
5660
7060
1520
2162
9641
9708
4973
5771
3332
8607
1820
4407
1532
1647
5587
9517
2562
2728
9729
2551
2353
6542
3929
5905
3020
2740
4675
5715
1271
2222
5791
523
1210
6217
1244
2495
7137
1786
2936
1522
8518
2276
280
9348
5299
4846
9978
1743
1267
3396
2617
8783
4905
7340
8978
7265
787
5356
3908
4864
8367
2043
3885
2188
591
3413
9939
7900
9626
5939
5023
2597
2947
2570
7953
9835
7342
1250
2352
9543
5935
2570
160
5434
1349
3770
1354
3970
5448
7434
7718
7562
207
4225
6812
9574
3205
5872
5196
9328
4140
7120
5194
9773
8018
7945
5518
4787
3556
1364
2155
2142
2624
1972
1550
7585
9103
80
2041
6347
8675
4916
7537
474
6685
1114
1893
612
4531
882
3344
5987
5712
7801
5297
5697
5676
3529
2393
9685
6765
7677
5652
636
3470
4456
7483
4107
9743
1431
985
7668
5453
1044
7997
9592
6323
7036
7104
2332
7825
1331
9447
6415
765
1366
9531
3194
1176
8978
1192
2728
3954
6356
6994
3528
8383
176
7391
4897
4540
4965
4944
4774
1309
4656
769
6395
7337
2769
4
4711
2424
7403
4537
4633
7115
8720
2754
6959
7550
5084
7108
1445
4570
5552
9919
6731
7821
4883
2209
8107
8926
4276
3032
2985
5083
2962
3495
6156
2101
1071
1579
6828
5439
419
3918
2923
3347
8909
3868
1865
9446
7167
5764
6083
4989
7099
8817
797
3855
9928
6074
8448
797
4938
7783
6724
6160
465
2549
2402
993
3920
4091
707
63
8993
4398
125
1132
8503
5202
4656
6521
1684
1522
3451
211
348
3201
8149
798
6729
162
3353
2210
8977
5782
7824
7235
4501
5812
9685
4709
4203
5997
7478
2798
7342
3216
567
2910
4980
1435
2251
1742
2385
3012
1381
6005
27
2167
6923
9041
2301
1617
9581
6612
4863
4268
2757
1548
3542
9899
9119
7479
9560
5337
8442
7926
8051
189
7904
4210
574
2369
3443
1389
4160
7603
5960
3995
1151
9931
1592
2288
6492
1854
9381
8219
286
8371
5402
1187
3356
164
1766
2161
4079
5271
2314
5807
8230
2797
5744
1327
3964
154
4431
2287
6423
1399
7069
5499
2418
1365
9572
2020
4750
5491
6024
4335
4917
2801
4279
7713
2543
6229
3554
8538
3832
6846
6908
4575
6129
5560
7024
6413
277
2064
8824
4571
9728
2008
75
4303
1739
3692
7382
1331
9819
1414
6575
7497
4875
4623
8085
7069
5303
920
364
3323
8571
696
2984
1216
7290
1734
2936
6853
1091
3257
4869
1689
1921
3005
9675
8350
707
954
1719
5559
2811
1712
6353
7169
2730
4325
4620
208
1436
1331
1868
8458
4496
2571
5943
7722
5627
542
5695
1422
5501
1246
8223
7634
6452
2240
3284
6976
8432
6149
6686
6120
439
1049
4471
4205
265
9211
1859
6928
8038
526
1529
1745
5327
1648
5825
2163
7883
8249
8542
1360
747
5894
6414
9709
5136
759
4879
4750
2171
789
1028
7741
6709
8985
1065
7463
8480
4472
5187
2039
574
5843
1068
6216
5696
8383
4541
3157
8098
8783
2972
9299
8821
7723
7145
5762
4317
6651
6691
3167
6700
8116
5361
2926
3998
4887
8990
8886
359
7654
1860
3661
7338
584
3228
9062
2220
9423
6948
2631
1448
8648
7042
336
8163
6835
2761
6953
8707
3972
1977
2348
476
9881
476
3027
4747
4092
5966
1187
7030
6955
9309
5993
9459
2327
4546
1635
5193
8234
2541
8594
3172
7548
1528
6494
6429
1223
245
7755
8617
8281
7785
411
3937
4027
4573
7173
6994
3440
6899
2932
2677
7392
4070
3779
898
1846
7045
519
9664
6166
2689
1293
4112
3922
9301
1190
7724
8463
3990
3183
4425
1108
6650
6870
8436
8083
7726
7803
1613
2971
8786
691
4093
4637
8392
2307
1213
4189
9310
923
4362
2460
6168
5360
5172
484
5953
302
5366
6787
5795
1566
9339
5483
7669
8165
78
4697
7412
7901
2306
2533
4118
6888
1124
6713
859
2945
7262
3142
8180
518
9997
3172
9161
4899
86
3144
8101
6640
4660
9546
9333
9007
2165
8711
5425
430
6950
1637
8522
3764
5611
5173
3637
1946
8995
6766
2998
4838
7036
1224
1521
3904
963
7781
5260
5631
959
2087
6153
9940
1823
6910
5683
458
7312
8528
1063
3963
2515
4558
7813
7767
6431
5445
4647
4913
3219
290
8210
442
1358
9690
5450
2610
9171
2585
2698
3819
2727
1769
1540
4097
589
9701
6102
1415
3716
2478
3983
8756
3295
5934
4992
7294
6965
6635
5477
4533
218
670
7302
2755
5582
4069
2649
9554
1909
4534
1579
3504
7622
1541
3951
2703
8375
6632
950
5151
4218
1304
4608
8959
6721
1659
6097
5809
2247
768
7175
2015
5634
6410
8491
6395
8963
3089
6822
123
3984
165
2182
7572
6245
8868
6866
6278
9046
462
762
1017
8952
4488
1618
1190
6673
9982
2880
89
1212
1372
2884
9957
7089
8366
4632
2681
821
2518
4392
2162
9422
9438
2196
3921
2026
6111
4788
2270
5681
2913
3483
1677
3655
8548
254
6224
1782
5967
8967
7453
1788
6246
8469
5122
5889
2513
454
86
540
4091
1112
2145
5926
6361
1181
9295
1231
2668
477
7824
3343
6983
6160
340
9664
437
4012
1766
4362
869
9851
8534
3039
856
6353
2267
5321
7181
3629
9321
3104
5514
8222
3471
416
2829
3336
5444
5722
6675
7718
4244
6314
6330
1554
7989
2841
4146
4643
9679
5940
2762
3974
1739
9629
3240
1681
4778
5121
1352
6468
7178
1865
8761
3521
2005
1796
1395
8573
2970
7429
5006
4087
6992
9785
2496
8760
7224
2956
9637
7692
7059
28
372
1648
7092
6286
1871
1692
2966
7008
6363
388
3761
4703
4545
297
538
2650
4196
373
3016
3879
3267
8183
6766
932
3842
9819
2886
9840
5604
9726
9626
1051
9244
7825
4089
571
9493
9115
9608
3616
3133
9748
6951
7867
5081
5631
3254
7546
5718
7928
7271
2663
8572
6863
5653
1683
9383
5875
8662
3389
5017
8338
2797
951
8346
400
6611
2874
7585
2166
1639
7864
6008
3549
707
435
1323
7627
9569
7501
1105
6765
734
2511
6767
8006
5438
4878
3257
3783
8784
1866
6810
2144
7219
5353
3461
837
777
1956
6365
8388
2923
8048
6146
8198
9533
9856
7421
2644
292
2745
5087
893
8949
6678
5205
517
2064
5341
1950
6735
8028
3601
1423
8015
6628
6329
1031
1849
4323
6642
319
3582
4252
7216
2597
9208
1246
5339
7337
3603
3158
2727
278
5119
773
9556
9973
9859
1171
1576
1535
869
7251
9753
5266
3847
2761
7936
2614
9716
7226
5818
4368
1803
6115
401
2295
2267
4205
9994
8229
8912
8367
3344
4415
5500
5604
65
3129
1449
8095
6839
7044
1422
5084
7082
9018
6865
1513
676
6587
3661
1077
9510
472
3668
3159
6313
1760
6006
82
4231
1530
8002
4744
2474
4818
1659
1693
8261
999
2799
9565
8066
2021
6581
3472
7948
2094
1477
2940
7039
4750
2013
2476
2268
2095
2512
9729
113
2634
2625
3862
6824
1871
4097
9112
1679
2231
8933
2293
7032
1416
6908
2004
4178
3433
6400
7670
2008
2647
4186
9563
423
8487
8811
6872
2550
3132
3768
4327
1713
4443
4501
1072
9383
926
1446
6919
4502
1446
8994
3974
9330
2644
5033
8764
541
6138
5575
6246
7284
7565
9753
5293
1750
4301
7200
1952
571
4521
52
7923
1938
1837
6954
552
811
3565
2553
6078
934
7910
9225
6615
940
5523
7757
2894
1741
9038
8979
5544
4633
2471
8426
9274
5619
6586
4963
9788
450
8700
8843
109
9130
6278
4407
1687
8380
8933
945
5892
185
4961
3347
3408
6012
8556
5617
1601
1576
4462
6124
757
4975
31
9780
6507
3078
2084
61
1925
837
1310
341
5707
2547
5423
5925
4404
4961
4910
6711
8129
678
5517
8023
8090
5995
4521
1244
1789
7528
7089
1161
2084
7599
3339
6111
9991
7158
2660
5094
7058
4283
9495
3003
3703
660
3743
748
7479
724
8112
2658
8717
53
387
4558
7708
3474
464
7223
7291
1827
3953
115
5805
1855
2532
9044
4118
109
5298
69
587
5100
1902
4613
9
6692
3600
9987
7464
6972
1122
923
3281
2398
7194
6127
2622
8327
9402
8234
3330
387
2740
7489
1513
2697
946
2923
208
7858
9333
4098
9528
8736
5917
1211
231
4781
9704
7698
8688
9537
6334
6361
4372
5481
2524
8851
8201
3268
319
1676
362
1103
7956
1356
6575
2371
3421
8651
2046
8317
1991
4775
1442
703
426
4323
1371
1046
1888
7042
7094
5387
6570
7621
8703
7358
1471
722
1428
9375
6470
1510
236
1087
1991
7195
7207
7031
9069
8157
2039
8614
78
489
7200
2113
3054
2040
124
823
7872
8587
6403
8787
8927
9911
2681
6997
8092
1603
7063
5026
9849
4415
7263
8363
5126
6199
4634
7356
2969
8856
596
2326
3827
883
5451
6911
7393
3472
8419
5895
4960
308
8110
5135
6469
1158
6874
9814
491
4302
3179
2500
3950
9168
7147
8474
9992
3128
6159
2393
8938
1957
3980
2243
286
9163
8153
1871
1306
5987
1271
4496
1112
4822
2559
