2
3
4
4
4
6
7
8
9
9
10
10
10
11
13
14
14
14
16
16
17
18
18
18
19
20
21
22
23
24
24
24
26
27
27
27
28
29
29
29
30
31
31
32
32
33
35
35
35
36
36
36
36
37
41
41
42
42
44
44
44
46
46
47
48
48
49
51
51
52
52
52
53
54
54
54
55
57
57
58
59
59
59
61
61
61
61
62
62
63
63
63
63
64
64
65
69
69
69
70
70
72
72
73
74
75
75
76
78
78
78
78
78
80
80
80
82
82
84
84
85
86
86
86
86
86
86
89
89
89
90
90
91
92
93
93
94
94
94
96
97
98
98
99
100
101
102
102
103
103
103
103
103
104
105
105
106
106
108
109
109
111
112
112
113
115
115
117
118
118
120
123
123
124
124
125
125
125
127
127
127
128
128
128
128
130
131
131
131
131
133
135
137
137
137
138
139
142
144
144
146
146
146
146
146
150
151
151
152
153
153
154
154
155
158
160
160
160
162
162
164
165
166
169
169
171
171
171
172
172
174
174
174
176
176
177
179
180
180
180
181
181
182
182
183
183
184
184
185
186
186
189
189
189
189
190
190
192
192
192
192
193
193
194
194
195
198
199
199
200
201
202
204
204
206
207
207
207
208
208
208
209
210
210
210
211
211
211
215
215
215
215
216
217
218
218
218
219
220
220
220
222
224
227
228
229
230
231
231
231
232
233
234
236
236
236
237
238
238
239
240
241
242
242
242
245
246
246
247
248
248
248
252
252
252
253
254
254
254
255
255
257
257
257
259
259
259
260
260
260
261
261
261
262
262
263
265
266
267
268
270
271
271
271
272
273
273
275
277
277
278
279
280
280
281
281
284
286
286
286
287
289
290
292
292
292
293
293
295
295
296
296
297
299
299
301
302
302
302
306
306
307
308
308
308
308
308
309
309
310
311
315
316
316
317
318
318
318
319
319
321
322
323
323
324
324
324
326
327
328
328
329
331
333
333
334
335
336
337
338
338
339
339
340
340
340
340
341
342
344
345
347
348
349
350
351
351
352
353
354
354
355
355
357
358
358
359
359
359
360
361
361
362
363
364
367
367
369
370
372
372
373
374
375
379
379
380
380
381
382
382
383
383
384
387
387
387
388
390
390
390
391
391
394
394
394
395
395
397
398
399
400
400
401
401
402
405
406
406
407
407
408
409
410
410
411
411
411
412
413
413
413
414
414
415
416
416
416
419
420
420
423
424
425
426
426
426
426
427
429
429
430
431
431
433
433
435
437
437
437
438
439
441
441
441
442
445
446
447
449
449
449
450
452
453
454
454
456
457
458
460
460
460
461
461
462
464
465
466
467
467
468
468
471
471
472
472
472
473
474
474
476
476
476
477
477
477
480
481
482
483
484
484
485
486
488
488
488
489
490
491
491
491
491
492
493
494
496
496
497
499
499
499
500
500
501
501
502
505
507
507
508
508
508
509
510
511
512
513
513
515
516
516
516
517
517
518
518
518
519
521
521
522
522
523
523
523
524
524
525
525
526
526
527
528
529
530
533
535
535
536
536
536
538
538
540
540
540
541
541
541
542
543
543
545
548
548
549
549
552
555
555
556
556
557
558
561
562
563
563
564
565
565
565
565
566
567
568
569
571
571
571
573
574
574
575
575
576
577
579
580
580
580
582
583
584
584
586
586
587
587
587
588
588
589
589
590
591
591
591
591
591
592
592
592
593
594
595
595
596
598
600
600
600
601
602
602
603
603
606
607
608
609
609
609
610
610
611
611
612
615
615
615
616
616
617
619
620
620
620
620
622
624
625
627
627
627
627
630
630
631
631
634
634
634
635
635
635
635
635
636
639
640
641
641
643
645
646
647
647
648
648
649
650
652
655
658
659
659
660
661
661
662
662
662
664
665
666
666
668
668
669
669
669
670
671
672
674
676
676
677
677
678
678
679
681
682
682
683
683
683
684
686
686
687
688
691
691
692
692
693
693
693
695
696
697
698
698
699
701
702
702
703
703
704
704
707
707
707
709
710
711
712
712
716
716
717
718
719
719
720
722
722
723
724
724
727
729
730
732
734
734
734
734
735
736
739
739
739
740
740
740
740
740
740
743
743
744
745
745
745
747
748
750
750
751
754
755
756
756
757
757
759
759
759
760
761
762
763
763
765
765
766
767
768
768
769
769
769
769
770
770
770
771
771
771
771
772
772
773
774
776
776
777
777
780
780
782
782
784
784
784
785
785
787
787
788
788
789
789
793
793
793
794
795
795
796
797
797
797
798
798
798
799
799
800
800
801
801
801
803
804
805
806
806
806
807
809
809
810
810
810
811
811
812
812
816
817
818
819
821
821
823
823
824
825
826
827
827
828
828
829
829
829
829
834
835
837
837
837
839
839
839
840
840
841
841
841
841
843
844
846
846
847
850
850
856
856
856
856
856
857
857
857
859
859
859
860
863
863
864
864
864
867
867
868
869
869
869
869
870
871
871
872
872
873
873
873
878
879
879
880
880
881
882
882
883
883
885
885
887
888
889
890
892
893
893
894
896
896
896
897
897
898
898
898
899
900
900
900
901
902
902
902
903
904
904
904
906
907
907
908
908
909
909
910
911
912
915
917
918
918
919
920
920
920
920
920
922
923
923
923
923
924
926
926
926
926
927
928
928
930
932
932
932
934
934
935
936
936
937
939
940
940
941
942
943
944
945
946
948
948
949
950
950
950
951
951
952
952
953
953
953
954
955
956
956
959
960
960
961
961
963
966
967
968
969
969
970
970
971
972
973
975
976
977
977
980
981
982
983
984
985
985
985
985
985
987
989
991
991
992
992
993
993
994
996
996
997
998
999
999
999
1001
1002
1002
1002
1003
1004
1005
1007
1007
1008
1009
1009
1013
1014
1015
1015
1016
1017
1017
1017
1020
1020
1021
1023
1024
1024
1024
1025
1027
1027
1028
1028
1028
1031
1032
1033
1034
1035
1035
1036
1039
1039
1040
1041
1042
1042
1043
1044
1045
1046
1048
1048
1049
1049
1049
1050
1051
1052
1052
1054
1054
1055
1055
1055
1057
1058
1058
1059
1061
1062
1063
1064
1064
1065
1066
1067
1068
1068
1069
1070
1070
1071
1071
1072
1072
1072
1072
1075
1075
1075
1077
1077
1077
1078
1079
1079
1080
1081
1082
1082
1084
1084
1085
1087
1087
1088
1091
1091
1094
1097
1098
1099
1099
1100
1100
1101
1103
1105
1107
1107
1108
1108
1109
1112
1112
1112
1113
1113
1114
1114
1115
1117
1118
1119
1119
1121
1122
1124
1125
1125
1126
1126
1127
1127
1129
1130
1132
1132
1133
1135
1135
1140
1140
1141
1144
1144
1144
1147
1148
1148
1149
1150
1150
1151
1151
1153
1154
1154
1156
1156
1157
1157
1158
1158
1159
1159
1161
1162
1162
1162
1163
1163
1163
1164
1164
1165
1165
1166
1166
1168
1169
1171
1172
1173
1175
1175
1176
1176
1176
1176
1176
1179
1180
1180
1181
1181
1183
1183
1183
1185
1185
1185
1186
1186
1186
1187
1187
1187
1187
1187
1188
1189
1190
1190
1190
1191
1191
1191
1192
1193
1193
1193
1194
1196
1197
1197
1197
1199
1201
1202
1203
1203
1205
1205
1206
1209
1210
1211
1211
1212
1212
1213
1214
1215
1215
1216
1216
1216
1216
1217
1217
1219
1220
1221
1221
1221
1222
1223
1224
1225
1225
1225
1226
1230
1231
1234
1238
1238
1240
1242
1244
1244
1245
1245
1246
1246
1246
1248
1249
1249
1249
1249
1250
1250
1250
1250
1253
1255
1256
1257
1258
1260
1261
1261
1264
1265
1266
1266
1266
1267
1267
1271
1271
1271
1271
1271
1272
1272
1273
1273
1278
1279
1279
1280
1282
1285
1285
1285
1285
1288
1288
1289
1290
1291
1291
1292
1293
1293
1294
1294
1295
1295
1299
1302
1303
1304
1304
1305
1306
1307
1307
1307
1308
1308
1309
1309
1310
1310
1312
1312
1313
1315
1315
1316
1317
1317
1318
1318
1319
1320
1320
1321
1322
1322
1323
1323
1324
1325
1326
1327
1327
1327
1327
1328
1328
1330
1331
1331
1331
1331
1332
1332
1336
1338
1338
1340
1340
1341
1345
1346
1346
1348
1348
1349
1350
1351
1351
1352
1352
1353
1354
1356
1356
1356
1357
1357
1358
1359
1360
1360
1360
1361
1362
1364
1364
1365
1365
1365
1365
1366
1366
1366
1368
1368
1369
1371
1371
1371
1372
1372
1373
1374
1375
1376
1377
1377
1377
1377
1378
1379
1379
1381
1381
1381
1382
1383
1384
1389
1390
1392
1392
1392
1392
1392
1393
1393
1393
1393
1394
1395
1395
1395
1396
1396
1397
1399
1399
1399
1406
1408
1408
1408
1409
1409
1410
1411
1412
1413
1413
1414
1415
1415
1415
1416
1419
1420
1420
1421
1422
1422
1422
1423
1424
1424
1426
1428
1430
1430
1431
1431
1432
1434
1434
1434
1434
1435
1436
1436
1436
1436
1439
1440
1441
1442
1443
1443
1443
1445
1445
1446
1446
1448
1448
1449
1450
1451
1451
1452
1453
1454
1455
1455
1457
1458
1462
1464
1465
1466
1466
1467
1467
1467
1468
1468
1469
1469
1470
1470
1471
1471
1473
1473
1475
1476
1476
1477
1477
1479
1480
1481
1481
1482
1482
1484
1484
1486
1486
1487
1487
1488
1488
1491
1494
1494
1495
1495
1495
1498
1498
1500
1503
1503
1505
1505
1506
1506
1508
1509
1509
1510
1510
1512
1513
1513
1513
1514
1515
1515
1515
1515
1515
1516
1516
1518
1520
1520
1521
1521
1522
1522
1525
1526
1527
1528
1529
1529
1530
1530
1530
1530
1530
1532
1533
1535
1536
1538
1539
1540
1540
1541
1541
1542
1543
1544
1546
1546
1546
1547
1547
1548
1548
1550
1551
1552
1553
1553
1554
1555
1555
1556
1556
1557
1557
1557
1559
1559
1560
1561
1561
1561
1561
1561
1562
1562
1564
1565
1565
1566
1566
1568
1568
1569
1570
1570
1570
1575
1575
1576
1576
1577
1578
1579
1579
1579
1579
1579
1579
1581
1582
1582
1585
1587
1589
1589
1590
1590
1590
1590
1591
1592
1593
1593
1593
1594
1596
1597
1597
1597
1598
1599
1600
1600
1601
1601
1601
1601
1601
1602
1602
1603
1605
1607
1607
1610
1611
1613
1613
1613
1614
1616
1616
1616
1617
1618
1618
1618
1619
1622
1623
1624
1625
1625
1627
1627
1628
1629
1629
1631
1633
1633
1634
1634
1635
1637
1637
1639
1639
1639
1641
1643
1647
1647
1648
1648
1648
1648
1649
1651
1651
1651
1652
1652
1654
1655
1655
1658
1658
1659
1659
1659
1660
1660
1660
1662
1663
1664
1664
1665
1665
1665
1666
1669
1670
1670
1673
1674
1675
1676
1677
1677
1677
1677
1679
1680
1681
1681
1681
1682
1682
1683
1683
1684
1687
1687
1689
1689
1690
1692
1692
1693
1693
1695
1698
1699
1700
1700
1701
1701
1703
1705
1707
1708
1709
1709
1710
1711
1712
1713
1713
1716
1717
1718
1718
1719
1719
1720
1721
1722
1722
1723
1724
1724
1726
1726
1728
1732
1732
1734
1734
1734
1736
1737
1739
1739
1739
1741
1741
1741
1742
1742
1743
1743
1744
1744
1745
1745
1748
1749
1750
1751
1752
1752
1752
1753
1753
1754
1754
1756
1756
1757
1757
1759
1760
1760
1760
1761
1761
1762
1762
1764
1766
1766
1766
1766
1767
1769
1769
1770
1770
1772
1773
1775
1777
1778
1778
1778
1780
1782
1782
1782
1783
1786
1787
1788
1788
1789
1791
1791
1791
1795
1795
1796
1796
1797
1797
1798
1798
1798
1800
1800
1800
1802
1802
1803
1803
1805
1806
1807
1808
1809
1809
1810
1810
1810
1812
1812
1814
1814
1815
1815
1817
1818
1818
1818
1820
1820
1820
1823
1826
1827
1829
1829
1832
1832
1833
1833
1834
1835
1837
1837
1838
1838
1840
1840
1841
1841
1842
1844
1845
1846
1846
1847
1848
1849
1850
1851
1853
1853
1854
1854
1855
1855
1855
1856
1857
1857
1859
1860
1860
1861
1862
1862
1862
1863
1864
1864
1865
1865
1866
1866
1866
1866
1866
1866
1868
1868
1869
1870
1870
1871
1871
1871
1871
1873
1874
1874
1875
1877
1878
1878
1880
1881
1884
1884
1885
1885
1886
1887
1887
1887
1888
1890
1890
1891
1892
1893
1893
1893
1894
1894
1895
1895
1896
1897
1898
1898
1901
1901
1902
1904
1905
1905
1905
1906
1907
1907
1909
1909
1909
1911
1912
1913
1915
1915
1916
1916
1918
1918
1918
1919
1920
1920
1921
1922
1922
1924
1924
1925
1925
1926
1926
1926
1928
1928
1930
1931
1932
1932
1933
1934
1936
1937
1937
1938
1939
1939
1941
1941
1942
1942
1943
1946
1946
1946
1947
1949
1949
1950
1950
1952
1954
1955
1956
1956
1956
1957
1958
1958
1958
1959
1959
1960
1960
1961
1963
1964
1964
1965
1965
1966
1968
1968
1970
1970
1971
1971
1971
1972
1972
1973
1973
1974
1976
1976
1977
1977
1978
1980
1981
1982
1982
1983
1983
1984
1984
1984
1984
1984
1985
1985
1986
1986
1987
1987
1987
1988
1991
1991
1992
1992
1992
1992
1998
2000
2000
2001
2004
2004
2005
2005
2007
2007
2007
2008
2008
2008
2008
2009
2009
2010
2010
2013
2014
2015
2015
2015
2015
2015
2017
2017
2018
2019
2019
2019
2020
2021
2021
2022
2022
2025
2025
2026
2026
2026
2028
2028
2028
2029
2029
2030
2031
2031
2032
2032
2034
2034
2035
2035
2038
2039
2039
2040
2040
2040
2040
2041
2041
2041
2041
2041
2041
2042
2042
2043
2045
2046
2046
2046
2046
2049
2049
2049
2049
2053
2054
2058
2058
2059
2059
2061
2061
2061
2062
2063
2064
2064
2064
2066
2066
2069
2071
2072
2073
2074
2074
2075
2075
2076
2078
2078
2079
2079
2081
2082
2084
2084
2084
2084
2086
2087
2088
2088
2091
2091
2092
2092
2092
2092
2093
2094
2094
2094
2095
2095
2095
2095
2096
2097
2097
2097
2098
2099
2099
2099
2100
2101
2104
2104
2106
2106
2107
2108
2108
2108
2110
2111
2112
2112
2112
2113
2113
2113
2115
2116
2117
2117
2118
2118
2121
2121
2122
2125
2125
2125
2126
2126
2127
2130
2130
2130
2133
2133
2133
2135
2136
2138
2138
2139
2139
2139
2142
2143
2143
2144
2144
2145
2147
2147
2149
2149
2151
2151
2152
2152
2154
2154
2154
2155
2155
2155
2158
2158
2160
2161
2161
2162
2162
2162
2162
2163
2164
2165
2166
2166
2166
2167
2167
2167
2167
2168
2169
2171
2171
2172
2172
2173
2175
2175
2176
2177
2178
2179
2182
2182
2183
2183
2183
2188
2190
2193
2194
2195
2196
2198
2199
2201
2204
2205
2205
2205
2207
2208
2208
2209
2209
2209
2210
2210
2210
2215
2215
2215
2217
2219
2219
2220
2221
2221
2222
2224
2225
2226
2228
2229
2229
2230
2230
2230
2231
2231
2232
2233
2235
2235
2236
2237
2239
2240
2240
2240
2241
2242
2242
2242
2243
2243
2245
2245
2245
2246
2247
2247
2247
2248
2249
2249
2251
2251
2251
2251
2251
2252
2252
2253
2254
2257
2258
2260
2267
2267
2267
2268
2268
2270
2270
2273
2273
2275
2276
2276
2277
2279
2281
2281
2282
2282
2283
2285
2286
2286
2287
2287
2288
2289
2291
2292
2293
2294
2295
2295
2296
2297
2297
2297
2299
2300
2301
2301
2302
2302
2302
2304
2305
2306
2306
2307
2307
2311
2312
2312
2314
2315
2315
2316
2317
2317
2318
2319
2319
2320
2320
2321
2322
2323
2323
2324
2326
2326
2326
2327
2327
2328
2328
2329
2329
2330
2331
2331
2331
2332
2332
2333
2333
2334
2335
2335
2335
2335
2337
2339
2340
2340
2341
2341
2341
2342
2343
2343
2343
2343
2344
2344
2347
2348
2348
2348
2348
2349
2350
2350
2352
2352
2353
2353
2354
2354
2354
2355
2356
2357
2357
2359
2359
2360
2362
2363
2365
2366
2369
2369
2369
2369
2369
2370
2370
2370
2371
2371
2371
2372
2374
2375
2376
2377
2378
2378
2379
2380
2380
2381
2382
2383
2384
2384
2384
2384
2384
2385
2385
2385
2386
2386
2387
2388
2388
2389
2389
2390
2391
2392
2393
2393
2395
2397
2398
2398
2399
2399
2400
2402
2403
2403
2403
2404
2405
2405
2412
2413
2415
2416
2417
2418
2418
2418
2418
2418
2418
2419
2419
2420
2420
2422
2423
2423
2424
2424
2425
2425
2426
2426
2426
2427
2429
2430
2430
2431
2431
2432
2433
2434
2434
2435
2436
2437
2437
2438
2440
2443
2444
2444
2446
2446
2446
2447
2448
2448
2449
2450
2450
2451
2451
2451
2453
2454
2458
2459
2459
2460
2462
2463
2465
2465
2465
2465
2465
2467
2467
2470
2471
2472
2473
2473
2474
2474
2474
2476
2477
2477
2478
2478
2478
2480
2480
2480
2481
2482
2482
2483
2483
2483
2485
2485
2486
2491
2492
2494
2495
2496
2496
2497
2498
2498
2498
2499
2500
2500
2501
2501
2501
2503
2504
2505
2506
2509
2510
2511
2512
2513
2515
2515
2516
2516
2517
2518
2520
2521
2521
2523
2523
2524
2525
2525
2527
2527
2528
2529
2531
2531
2532
2532
2533
2535
2535
2537
2538
2539
2539
2540
2541
2543
2543
2543
2544
2546
2547
2547
2547
2549
2549
2549
2550
2551
2552
2553
2554
2554
2555
2556
2558
2558
2558
2558
2559
2559
2560
2560
2561
2561
2561
2562
2562
2562
2563
2563
2563
2563
2564
2564
2565
2565
2566
2566
2567
2567
2567
2570
2570
2570
2570
2571
2571
2571
2575
2576
2576
2578
2580
2582
2585
2586
2588
2589
2590
2591
2591
2594
2597
2597
2598
2599
2600
2600
2604
2604
2605
2607
2608
2608
2608
2609
2610
2610
2611
2611
2613
2614
2614
2615
2617
2618
2619
2620
2622
2622
2624
2624
2624
2625
2625
2627
2628
2629
2630
2630
2631
2633
2633
2634
2634
2634
2634
2636
2637
2638
2640
2641
2643
2644
2644
2644
2644
2646
2647
2648
2648
2648
2649
2649
2649
2650
2650
2654
2655
2656
2657
2658
2659
2659
2659
2660
2661
2663
2663
2663
2664
2664
2665
2666
2666
2667
2668
2668
2670
2673
2673
2674
2674
2675
2676
2676
2676
2676
2677
2677
2678
2678
2680
2680
2680
2680
2681
2681
2683
2683
2684
2687
2687
2689
2689
2689
2689
2691
2693
2693
2694
2694
2694
2696
2696
2696
2697
2698
2698
2700
2700
2701
2703
2703
2708
2710
2711
2711
2712
2714
2714
2714
2715
2715
2715
2717
2718
2720
2721
2722
2722
2723
2723
2724
2725
2726
2726
2726
2727
2727
2727
2728
2728
2729
2730
2731
2731
2731
2732
2732
2736
2737
2738
2738
2739
2739
2740
2740
2740
2740
2740
2741
2742
2744
2745
2746
2747
2748
2750
2751
2753
2753
2754
2754
2755
2755
2756
2757
2758
2758
2759
2759
2759
2760
2760
2761
2761
2762
2762
2762
2762
2762
2763
2764
2766
2766
2768
2769
2772
2772
2774
2774
2779
2781
2786
2786
2787
2790
2791
2791
2791
2792
2794
2795
2795
2796
2797
2797
2798
2798
2798
2799
2800
2800
2801
2801
2803
2806
2808
2809
2809
2811
2812
2813
2813
2814
2817
2819
2819
2819
2820
2822
2822
2823
2823
2823
2823
2827
2827
2828
2829
2830
2831
2831
2833
2834
2835
2837
2838
2841
2841
2842
2842
2844
2845
2845
2851
2853
2853
2854
2855
2856
2856
2858
2858
2859
2861
2861
2864
2867
2867
2867
2868
2870
2872
2873
2874
2875
2878
2880
2881
2881
2884
2885
2885
2885
2886
2887
2890
2894
2897
2901
2902
2904
2904
2905
2907
2908
2908
2908
2910
2910
2911
2911
2911
2911
2913
2914
2915
2915
2916
2916
2917
2920
2921
2922
2923
2923
2923
2923
2926
2927
2928
2929
2929
2930
2931
2932
2932
2933
2936
2936
2939
2940
2940
2940
2940
2942
2942
2944
2944
2944
2945
2946
2947
2950
2952
2956
2957
2957
2957
2959
2962
2963
2964
2966
2966
2967
2969
2970
2971
2971
2971
2971
2972
2973
2974
2975
2977
2978
2978
2978
2979
2980
2980
2980
2983
2983
2984
2985
2986
2987
2988
2989
2989
2990
2990
2991
2991
2993
2993
2993
2994
2994
2995
2997
2997
2998
2998
2999
2999
3000
3003
3004
3005
3012
3012
3012
3013
3014
3015
3016
3016
3018
3019
3020
3020
3022
3022
3023
3023
3025
3027
3027
3028
3029
3030
3032
3032
3032
3034
3037
3039
3039
3040
3044
3045
3046
3047
3047
3050
3051
3051
3051
3051
3054
3055
3057
3058
3059
3059
3064
3065
3065
3071
3075
3075
3077
3078
3079
3079
3079
3080
3081
3082
3083
3083
3087
3087
3088
3089
3089
3089
3090
3090
3092
3093
3093
3096
3096
3097
3098
3098
3098
3099
3100
3101
3103
3103
3103
3104
3104
3105
3106
3108
3109
3110
3112
3112
3112
3118
3119
3124
3124
3124
3128
3128
3129
3129
3132
3132
3133
3135
3135
3136
3138
3140
3141
3142
3142
3144
3146
3150
3151
3152
3154
3154
3155
3155
3155
3157
3157
3158
3158
3158
3159
3160
3160
3160
3161
3161
3161
3164
3164
3165
3167
3169
3169
3170
3172
3172
3172
3172
3174
3174
3175
3175
3177
3177
3178
3179
3180
3181
3183
3186
3187
3190
3190
3191
3192
3192
3193
3194
3196
3197
3198
3199
3200
3200
3201
3204
3205
3205
3205
3207
3207
3207
3209
3210
3210
3210
3211
3212
3215
3215
3216
3219
3220
3221
3221
3223
3225
3225
3226
3226
3227
3228
3230
3232
3235
3236
3237
3237
3237
3238
3239
3240
3241
3242
3243
3246
3251
3252
3252
3252
3253
3254
3254
3255
3257
3257
3262
3262
3262
3263
3263
3266
3267
3268
3270
3270
3270
3270
3272
3273
3276
3278
3281
3284
3287
3287
3287
3291
3291
3291
3291
3291
3292
3292
3293
3295
3297
3297
3299
3299
3300
3303
3305
3307
3308
3309
3309
3309
3313
3313
3319
3322
3322
3322
3323
3324
3325
3326
3327
3328
3330
3331
3331
3332
3332
3334
3335
3336
3339
3339
3341
3343
3344
3344
3344
3345
3346
3346
3346
3346
3346
3347
3347
3347
3347
3348
3349
3350
3350
3351
3351
3352
3352
3353
3353
3356
3356
3358
3360
3361
3362
3363
3365
3365
3365
3366
3366
3366
3367
3368
3371
3372
3373
3373
3374
3375
3375
3376
3377
3378
3378
3378
3378
3380
3381
3381
3382
3382
3383
3383
3384
3385
3386
3388
3389
3391
3391
3394
3396
3396
3396
3397
3398
3399
3401
3401
3403
3405
3406
3406
3407
3408
3413
3415
3416
3417
3418
3418
3419
3421
3421
3421
3426
3426
3428
3432
3433
3433
3433
3433
3434
3435
3440
3440
3441
3443
3445
3448
3450
3451
3453
3456
3456
3458
3459
3461
3461
3462
3463
3463
3464
3470
3470
3471
3471
3472
3472
3472
3472
3473
3474
3475
3482
3482
3483
3485
3485
3486
3486
3486
3488
3489
3492
3494
3495
3495
3498
3501
3502
3503
3503
3503
3504
3506
3507
3507
3508
3509
3511
3513
3514
3517
3517
3517
3517
3519
3521
3524
3525
3525
3525
3527
3528
3529
3529
3529
3533
3533
3534
3536
3536
3537
3540
3541
3542
3543
3544
3546
3548
3549
3550
3552
3554
3554
3554
3554
3555
3556
3556
3558
3559
3560
3560
3560
3563
3565
3566
3567
3569
3570
3571
3571
3573
3578
3578
3579
3582
3582
3583
3586
3588
3589
3590
3590
3590
3592
3592
3594
3596
3598
3600
3600
3600
3601
3601
3603
3604
3605
3606
3606
3607
3608
3609
3609
3612
3615
3616
3616
3619
3619
3621
3621
3623
3626
3628
3628
3629
3629
3629
3630
3632
3635
3635
3636
3636
3637
3643
3643
3645
3645
3647
3648
3649
3650
3650
3650
3651
3652
3653
3655
3655
3659
3661
3661
3662
3662
3663
3664
3665
3666
3668
3668
3669
3670
3671
3672
3673
3676
3678
3678
3678
3679
3679
3681
3682
3682
3683
3684
3684
3685
3688
3690
3690
3691
3692
3693
3694
3694
3694
3694
3696
3696
3697
3698
3699
3699
3700
3700
3701
3702
3702
3703
3703
3703
3703
3705
3708
3708
3709
3709
3710
3711
3715
3716
3718
3718
3720
3720
3721
3722
3724
3728
3729
3729
3729
3730
3732
3732
3732
3732
3733
3736
3737
3737
3740
3741
3743
3743
3745
3746
3746
3746
3747
3747
3747
3748
3751
3757
3757
3759
3760
3761
3761
3761
3764
3764
3764
3764
3764
3766
3766
3767
3768
3768
3769
3770
3772
3775
3777
3777
3779
3782
3782
3783
3784
3786
3786
3787
3788
3793
3795
3796
3796
3797
3797
3798
3798
3798
3803
3804
3807
3808
3810
3811
3811
3812
3812
3813
3813
3814
3815
3818
3819
3820
3820
3823
3824
3825
3827
3827
3828
3829
3829
3831
3832
3833
3836
3836
3837
3838
3839
3840
3840
3841
3842
3842
3845
3847
3849
3851
3852
3853
3854
3855
3860
3861
3862
3866
3867
3868
3869
3870
3870
3871
3874
3875
3875
3879
3882
3883
3885
3886
3887
3888
3888
3888
3890
3890
3891
3894
3903
3904
3908
3908
3909
3909
3910
3913
3914
3916
3917
3918
3918
3918
3919
3920
3920
3921
3921
3921
3922
3922
3923
3925
3928
3928
3928
3929
3933
3934
3934
3934
3937
3938
3939
3941
3943
3947
3947
3947
3949
3950
3950
3950
3951
3952
3953
3953
3954
3954
3954
3954
3955
3956
3958
3960
3961
3962
3962
3963
3963
3964
3965
3967
3968
3970
3970
3972
3973
3973
3974
3974
3974
3974
3977
3980
3980
3981
3983
3984
3985
3985
3987
3988
3989
3990
3990
3993
3994
3994
3995
3995
3997
3997
3998
3999
4001
4001
4001
4002
4003
4005
4005
4008
4009
4010
4010
4010
4012
4014
4014
4014
4016
4019
4019
4021
4022
4024
4025
4026
4026
4026
4027
4031
4032
4033
4034
4036
4038
4038
4040
4042
4042
4044
4044
4047
4047
4048
4049
4050
4051
4053
4054
4055
4058
4058
4060
4064
4066
4067
4067
4069
4070
4073
4077
4078
4078
4079
4080
4081
4083
4087
4088
4089
4089
4091
4091
4091
4092
4093
4093
4095
4096
4097
4097
4098
4099
4099
4099
4103
4104
4104
4106
4106
4107
4108
4108
4108
4110
4110
4111
4112
4113
4113
4114
4117
4118
4118
4118
4118
4119
4122
4123
4124
4127
4128
4133
4133
4134
4135
4136
4137
4139
4139
4139
4140
4141
4146
4147
4148
4149
4149
4149
4150
4151
4151
4156
4157
4160
4160
4162
4164
4166
4166
4167
4168
4169
4171
4172
4172
4173
4173
4173
4174
4175
4176
4177
4177
4177
4177
4178
4178
4179
4179
4180
4181
4183
4185
4185
4185
4186
4186
4188
4189
4189
4189
4189
4190
4190
4190
4192
4193
4195
4196
4198
4199
4200
4201
4201
4202
4203
4205
4205
4205
4207
4207
4208
4209
4210
4210
4210
4211
4212
4213
4214
4216
4216
4218
4219
4220
4222
4225
4225
4225
4225
4228
4228
4228
4228
4228
4229
4229
4230
4230
4230
4231
4231
4231
4233
4235
4237
4240
4241
4243
4244
4244
4244
4245
4247
4249
4251
4252
4252
4253
4253
4255
4256
4256
4260
4260
4262
4262
4263
4264
4268
4270
4270
4272
4275
4275
4276
4276
4276
4279
4281
4282
4283
4284
4284
4287
4292
4294
4295
4295
4298
4300
4300
4300
4301
4301
4302
4303
4304
4306
4309
4310
4311
4311
4311
4312
4312
4313
4317
4318
4319
4320
4322
4323
4323
4323
4325
4325
4325
4327
4329
4331
4331
4331
4332
4333
4333
4334
4335
4335
4338
4339
4340
4343
4345
4346
4346
4348
4349
4350
4351
4352
4353
4355
4355
4356
4362
4362
4362
4368
4368
4370
4372
4373
4374
4375
4380
4381
4382
4386
4386
4387
4391
4392
4392
4393
4393
4394
4394
4395
4396
4396
4398
4398
4398
4400
4400
4401
4402
4403
4404
4406
4406
4406
4406
4406
4407
4407
4407
4410
4410
4411
4413
4414
4415
4415
4416
4418
4418
4419
4419
4420
4420
4421
4422
4422
4425
4425
4426
4428
4430
4430
4431
4431
4431
4432
4433
4434
4435
4436
4437
4437
4437
4439
4441
4443
4443
4444
4444
4448
4448
4448
4450
4451
4451
4451
4452
4453
4454
4454
4455
4456
4456
4457
4460
4461
4462
4465
4465
4466
4469
4470
4471
4471
4471
4472
4473
4473
4473
4475
4482
4485
4487
4488
4491
4491
4494
4494
4496
4496
4496
4498
4498
4498
4498
4498
4501
4501
4502
4504
4508
4509
4509
4511
4512
4512
4513
4514
4514
4516
4516
4517
4519
4521
4521
4524
4524
4528
4528
4528
4528
4529
4529
4531
4532
4533
4533
4533
4533
4533
4533
4534
4534
4537
4537
4538
4540
4540
4540
4541
4541
4542
4543
4544
4545
4546
4546
4546
4550
4552
4553
4553
4553
4553
4555
4555
4556
4558
4558
4558
4559
4560
4562
4563
4567
4567
4568
4569
4569
4569
4570
4570
4570
4571
4571
4573
4573
4575
4575
4576
4578
4580
4581
4582
4583
4583
4586
4590
4591
4591
4593
4595
4596
4596
4596
4602
4603
4605
4605
4606
4608
4611
4611
4613
4613
4615
4616
4617
4620
4620
4620
4621
4621
4621
4622
4622
4623
4623
4623
4624
4627
4628
4630
4630
4631
4632
4632
4633
4633
4633
4633
4634
4635
4637
4637
4637
4638
4638
4638
4638
4641
4643
4644
4644
4647
4648
4652
4652
4653
4656
4656
4656
4659
4659
4659
4660
4661
4663
4663
4664
4665
4666
4666
4666
4666
4666
4667
4668
4670
4675
4675
4677
4678
4679
4680
4680
4680
4681
4683
4683
4684
4684
4686
4689
4689
4691
4696
4697
4698
4703
4704
4706
4707
4707
4708
4709
4709
4709
4711
4712
4712
4712
4715
4718
4718
4718
4719
4719
4719
4720
4721
4723
4723
4725
4728
4729
4729
4730
4731
4731
4733
4735
4737
4738
4738
4738
4739
4740
4741
4743
4744
4744
4745
4747
4748
4749
4750
4750
4750
4752
4758
4760
4760
4762
4765
4766
4768
4768
4768
4769
4772
4772
4773
4773
4774
4775
4775
4775
4776
4777
4778
4779
4779
4779
4781
4782
4783
4785
4787
4787
4788
4789
4790
4795
4798
4799
4800
4800
4801
4805
4806
4809
4810
4811
4811
4812
4813
4813
4815
4816
4816
4816
4817
4818
4822
4823
4823
4823
4824
4825
4825
4826
4827
4827
4827
4828
4829
4834
4836
4836
4837
4837
4838
4840
4845
4845
4846
4846
4846
4847
4848
4849
4852
4853
4853
4856
4860
4862
4863
4863
4864
4865
4867
4868
4869
4870
4871
4873
4873
4873
4874
4874
4874
4874
4875
4875
4877
4877
4877
4878
4878
4879
4879
4880
4880
4881
4882
4883
4883
4883
4886
4887
4887
4888
4889
4890
4892
4892
4893
4893
4894
4894
4897
4898
4899
4899
4900
4903
4905
4905
4905
4907
4909
4910
4911
4912
4913
4913
4913
4916
4917
4919
4921
4923
4923
4926
4926
4927
4928
4928
4928
4929
4929
4930
4932
4937
4938
4941
4942
4944
4947
4948
4949
4950
4951
4951
4952
4956
4958
4960
4960
4961
4961
4961
4962
4963
4964
4965
4966
4966
4966
4966
4967
4969
4969
4973
4975
4976
4977
4978
4979
4979
4980
4980
4982
4983
4983
4983
4984
4984
4985
4986
4986
4987
4987
4989
4990
4992
4996
4996
4998
4998
5000
5000
5001
5001
5003
5005
5006
5007
5008
5008
5009
5010
5010
5011
5013
5013
5014
5017
5019
5019
5020
5021
5021
5023
5023
5026
5027
5028
5030
5031
5032
5033
5033
5034
5034
5036
5036
5037
5039
5040
5045
5046
5046
5048
5050
5050
5056
5057
5057
5062
5062
5063
5064
5067
5067
5068
5069
5071
5072
5072
5072
5073
5077
5077
5077
5077
5078
5078
5079
5081
5082
5083
5084
5084
5085
5085
5087
5088
5091
5092
5094
5094
5094
5094
5094
5096
5098
5098
5099
5100
5100
5100
5101
5101
5103
5104
5107
5107
5107
5108
5109
5110
5113
5114
5116
5117
5117
5117
5118
5118
5119
5120
5121
5121
5122
5123
5124
5126
5126
5127
5129
5129
5129
5130
5132
5132
5135
5135
5135
5135
5136
5139
5143
5144
5147
5148
5149
5151
5151
5151
5152
5153
5154
5157
5157
5157
5158
5159
5159
5160
5161
5161
5162
5163
5164
5165
5167
5167
5171
5171
5172
5173
5173
5175
5179
5180
5180
5182
5182
5182
5183
5184
5186
5187
5187
5188
5188
5189
5193
5193
5193
5193
5194
5195
5196
5196
5198
5199
5201
5202
5202
5203
5203
5204
5204
5205
5205
5208
5209
5209
5210
5210
5210
5211
5212
5214
5214
5216
5217
5217
5217
5217
5217
5218
5218
5219
5220
5220
5221
5223
5223
5224
5224
5225
5225
5226
5227
5228
5229
5230
5231
5232
5232
5233
5233
5235
5236
5237
5238
5241
5241
5242
5242
5242
5244
5244
5246
5247
5251
5252
5254
5256
5259
5260
5262
5266
5267
5269
5271
5272
5275
5275
5275
5280
5281
5284
5284
5284
5285
5285
5286
5287
5287
5288
5288
5288
5289
5289
5290
5291
5291
5293
5293
5293
5295
5295
5296
5297
5297
5297
5297
5297
5297
5298
5298
5299
5299
5299
5301
5302
5303
5303
5305
5306
5306
5307
5308
5308
5308
5309
5311
5311
5312
5312
5314
5315
5316
5317
5317
5320
5321
5322
5323
5324
5325
5327
5328
5329
5330
5335
5335
5337
5337
5338
5338
5339
5341
5342
5342
5342
5343
5344
5345
5349
5349
5349
5351
5353
5353
5355
5355
5355
5356
5357
5357
5358
5359
5360
5360
5361
5361
5362
5362
5362
5363
5366
5366
5367
5367
5367
5367
5368
5368
5371
5371
5372
5372
5372
5373
5373
5374
5374
5374
5376
5378
5380
5382
5387
5387
5387
5389
5389
5391
5391
5394
5395
5395
5396
5397
5398
5400
5401
5402
5402
5405
5405
5405
5405
5412
5412
5413
5414
5415
5415
5417
5418
5419
5419
5422
5423
5423
5425
5426
5428
5429
5429
5430
5430
5431
5431
5434
5434
5434
5434
5435
5436
5436
5437
5437
5438
5438
5438
5439
5439
5440
5441
5441
5444
5445
5446
5447
5447
5448
5448
5449
5450
5451
5452
5453
5453
5454
5454
5457
5457
5457
5458
5465
5465
5466
5467
5467
5470
5471
5472
5473
5474
5474
5477
5477
5481
5482
5483
5486
5486
5486
5487
5490
5491
5492
5496
5497
5498
5499
5500
5501
5501
5502
5503
5505
5510
5511
5513
5514
5514
5514
5516
5516
5517
5517
5518
5518
5518
5521
5523
5523
5526
5528
5529
5529
5529
5530
5531
5531
5533
5534
5535
5536
5537
5537
5538
5539
5540
5540
5541
5541
5543
5543
5544
5544
5546
5546
5551
5551
5552
5552
5553
5553
5554
5556
5556
5557
5558
5558
5558
5559
5559
5559
5560
5562
5563
5565
5566
5566
5568
5569
5570
5570
5571
5571
5572
5572
5575
5576
5580
5581
5582
5582
5584
5584
5587
5587
5588
5588
5593
5593
5595
5595
5596
5599
5599
5600
5601
5602
5604
5604
5604
5604
5604
5605
5606
5609
5609
5610
5610
5611
5611
5614
5615
5616
5617
5617
5618
5619
5621
5622
5623
5623
5624
5625
5626
5627
5627
5631
5631
5631
5633
5634
5634
5634
5635
5637
5638
5638
5639
5641
5643
5646
5650
5650
5651
5651
5651
5652
5653
5653
5655
5655
5656
5657
5657
5658
5660
5660
5665
5666
5669
5673
5673
5674
5674
5676
5676
5679
5681
5682
5683
5684
5684
5686
5686
5686
5687
5687
5687
5688
5690
5691
5693
5693
5694
5695
5696
5697
5698
5698
5701
5703
5704
5704
5706
5707
5707
5707
5708
5708
5709
5711
5712
5714
5715
5715
5716
5717
5718
5720
5721
5722
5722
5722
5724
5726
5726
5727
5728
5728
5729
5732
5734
5736
5739
5739
5739
5740
5741
5742
5744
5744
5744
5745
5747
5748
5749
5752
5752
5753
5754
5755
5758
5761
5762
5764
5765
5766
5767
5768
5769
5769
5770
5770
5771
5772
5774
5775
5776
5777
5777
5778
5781
5782
5783
5786
5787
5788
5789
5790
5791
5791
5791
5793
5793
5794
5794
5795
5795
5798
5801
5801
5802
5803
5805
5805
5807
5807
5808
5808
5809
5809
5809
5810
5810
5812
5812
5813
5814
5815
5815
5818
5823
5824
5825
5825
5825
5825
5825
5827
5827
5828
5829
5829
5831
5833
5834
5835
5835
5835
5838
5840
5843
5843
5843
5846
5847
5847
5848
5849
5850
5852
5854
5855
5856
5857
5857
5859
5861
5861
5862
5862
5864
5864
5866
5866
5867
5867
5867
5868
5868
5868
5870
5872
5873
5875
5875
5876
5879
5881
5881
5882
5886
5889
5891
5892
5894
5894
5894
5894
5895
5898
5899
5901
5904
5905
5905
5905
5905
5907
5908
5913
5915
5917
5917
5917
5917
5919
5921
5921
5921
5921
5923
5925
5925
5926
5926
5927
5927
5930
5932
5934
5934
5934
5935
5935
5936
5937
5937
5939
5939
5939
5939
5940
5940
5940
5943
5943
5944
5951
5951
5951
5952
5953
5953
5955
5955
5957
5957
5958
5960
5960
5960
5963
5966
5967
5967
5967
5967
5967
5969
5969
5973
5973
5974
5975
5975
5976
5977
5978
5981
5982
5983
5984
5986
5986
5986
5987
5987
5988
5990
5990
5990
5991
5992
5992
5993
5995
5996
5996
5997
5998
5998
5998
5999
6000
6002
6005
6006
6006
6007
6008
6010
6012
6012
6013
6014
6014
6016
6017
6018
6019
6019
6021
6022
6023
6024
6024
6028
6028
6035
6037
6038
6039
6040
6041
6043
6043
6043
6044
6046
6047
6047
6049
6049
6051
6052
6054
6054
6055
6058
6058
6063
6063
6065
6069
6069
6070
6074
6074
6074
6076
6078
6078
6078
6079
6081
6081
6081
6083
6083
6083
6083
6085
6086
6087
6089
6092
6096
6097
6097
6098
6098
6098
6099
6100
6102
6102
6103
6104
6105
6110
6110
6111
6111
6112
6112
6113
6114
6115
6115
6116
6116
6117
6120
6120
6120
6122
6123
6123
6124
6124
6127
6128
6129
6131
6133
6135
6138
6138
6140
6142
6144
6144
6146
6146
6147
6148
6148
6149
6151
6152
6153
6154
6154
6154
6155
6156
6156
6157
6158
6158
6159
6159
6160
6160
6162
6163
6165
6165
6166
6166
6166
6168
6168
6169
6170
6172
6172
6172
6175
6177
6178
6180
6182
6183
6183
6185
6187
6188
6190
6193
6194
6194
6198
6198
6199
6199
6201
6201
6204
6205
6206
6206
6208
6208
6214
6214
6214
6216
6216
6216
6217
6218
6220
6222
6222
6222
6222
6223
6224
6224
6226
6227
6228
6229
6229
6230
6230
6232
6232
6235
6235
6236
6236
6242
6242
6245
6246
6246
6246
6246
6248
6248
6249
6251
6256
6258
6259
6264
6272
6273
6274
6277
6278
6278
6279
6282
6283
6284
6286
6287
6287
6288
6289
6291
6291
6292
6292
6296
6297
6300
6303
6304
6305
6306
6308
6308
6309
6309
6311
6313
6314
6316
6321
6323
6323
6323
6325
6326
6326
6327
6327
6328
6329
6330
6330
6331
6334
6335
6336
6338
6338
6341
6341
6341
6342
6342
6347
6347
6348
6348
6351
6352
6353
6353
6353
6356
6356
6357
6361
6361
6361
6362
6362
6362
6363
6363
6364
6364
6365
6366
6367
6369
6370
6372
6373
6375
6375
6375
6375
6379
6382
6383
6384
6385
6387
6389
6391
6392
6392
6392
6392
6393
6394
6395
6395
6395
6396
6398
6398
6400
6400
6401
6402
6402
6403
6406
6407
6408
6408
6410
6410
6412
6413
6413
6414
6415
6417
6418
6419
6419
6420
6420
6420
6421
6422
6423
6423
6424
6428
6429
6429
6429
6430
6431
6431
6432
6433
6436
6437
6438
6438
6439
6441
6442
6443
6443
6444
6445
6448
6448
6449
6449
6452
6452
6453
6454
6457
6458
6459
6459
6460
6461
6462
6464
6466
6468
6468
6469
6469
6470
6472
6473
6475
6476
6477
6481
6486
6488
6489
6492
6493
6494
6494
6495
6495
6496
6497
6499
6500
6501
6504
6504
6505
6505
6505
6505
6507
6507
6507
6508
6512
6514
6514
6514
6516
6517
6517
6518
6520
6521
6521
6524
6524
6524
6525
6527
6527
6527
6527
6528
6530
6535
6536
6537
6541
6542
6542
6544
6545
6545
6546
6547
6549
6550
6551
6551
6555
6556
6564
6565
6567
6569
6570
6570
6572
6573
6573
6575
6575
6575
6577
6578
6578
6578
6581
6583
6584
6585
6586
6587
6591
6593
6593
6593
6594
6597
6597
6597
6598
6598
6598
6599
6602
6602
6603
6606
6608
6611
6611
6612
6615
6616
6617
6619
6621
6621
6623
6625
6626
6626
6627
6628
6629
6632
6634
6634
6634
6635
6635
6635
6635
6636
6637
6639
6640
6641
6641
6642
6642
6645
6646
6647
6649
6649
6650
6650
6651
6651
6651
6652
6653
6654
6655
6657
6657
6658
6658
6660
6661
6666
6666
6667
6667
6668
6668
6669
6669
6671
6672
6672
6672
6673
6673
6673
6675
6675
6677
6677
6678
6678
6678
6680
6682
6683
6684
6685
6685
6686
6689
6690
6691
6691
6692
6693
6694
6694
6695
6695
6696
6698
6698
6700
6701
6703
6704
6705
6708
6708
6708
6709
6709
6710
6711
6713
6714
6714
6718
6718
6720
6721
6722
6722
6724
6724
6729
6731
6731
6732
6735
6737
6738
6738
6741
6745
6747
6747
6749
6749
6749
6751
6752
6754
6755
6755
6755
6757
6758
6759
6759
6764
6765
6765
6766
6766
6766
6767
6768
6768
6768
6768
6771
6775
6775
6778
6780
6781
6783
6783
6784
6785
6786
6787
6788
6789
6791
6793
6793
6794
6794
6795
6795
6799
6799
6800
6801
6802
6802
6803
6804
6805
6806
6806
6808
6810
6811
6812
6812
6812
6813
6815
6816
6817
6817
6817
6818
6819
6819
6820
6820
6820
6822
6823
6824
6824
6824
6824
6826
6826
6827
6827
6828
6829
6829
6830
6833
6833
6834
6834
6835
6835
6836
6837
6839
6840
6842
6842
6843
6844
6844
6845
6846
6847
6848
6850
6851
6851
6851
6852
6853
6853
6855
6855
6856
6860
6860
6861
6863
6864
6864
6865
6866
6867
6867
6869
6870
6871
6871
6872
6874
6877
6882
6885
6885
6887
6888
6888
6888
6888
6890
6891
6891
6892
6893
6894
6896
6896
6898
6898
6899
6899
6902
6902
6905
6908
6908
6908
6908
6910
6911
6911
6913
6913
6914
6915
6917
6918
6919
6919
6920
6921
6923
6923
6924
6924
6926
6927
6928
6928
6930
6931
6933
6933
6934
6934
6934
6935
6935
6938
6939
6942
6942
6943
6944
6944
6944
6945
6946
6947
6947
6947
6948
6948
6950
6951
6953
6953
6953
6954
6954
6955
6955
6957
6957
6957
6958
6958
6959
6959
6960
6960
6965
6966
6966
6966
6968
6969
6969
6970
6970
6972
6973
6973
6976
6977
6978
6981
6982
6982
6983
6985
6987
6987
6987
6989
6990
6990
6992
6993
6994
6994
6994
6997
7002
7002
7003
7003
7005
7005
7007
7008
7008
7011
7016
7017
7017
7019
7020
7021
7021
7022
7022
7023
7023
7024
7024
7024
7024
7025
7025
7026
7030
7030
7031
7031
7032
7032
7033
7035
7036
7036
7036
7037
7038
7039
7040
7040
7041
7041
7042
7042
7042
7042
7043
7044
7044
7045
7046
7046
7048
7051
7053
7054
7054
7055
7055
7057
7058
7058
7059
7060
7063
7063
7064
7067
7068
7068
7069
7069
7069
7069
7070
7072
7073
7075
7075
7077
7078
7079
7082
7083
7084
7084
7085
7086
7087
7089
7089
7091
7091
7092
7092
7092
7094
7094
7095
7096
7096
7099
7099
7099
7102
7102
7104
7104
7108
7108
7109
7112
7113
7113
7113
7113
7113
7113
7115
7117
7119
7120
7120
7121
7122
7123
7124
7124
7124
7128
7128
7129
7130
7134
7135
7137
7137
7139
7140
7144
7144
7145
7145
7147
7147
7148
7150
7151
7152
7153
7153
7157
7157
7157
7158
7159
7160
7160
7161
7162
7164
7164
7166
7167
7167
7168
7168
7169
7169
7170
7172
7173
7175
7178
7179
7181
7183
7183
7185
7186
7186
7187
7188
7189
7189
7191
7192
7192
7194
7195
7195
7195
7196
7197
7199
7199
7200
7200
7200
7200
7201
7202
7204
7204
7205
7206
7207
7209
7209
7212
7214
7215
7216
7216
7217
7219
7219
7221
7222
7223
7224
7226
7228
7228
7229
7231
7233
7233
7234
7235
7236
7236
7236
7237
7237
7237
7239
7240
7242
7242
7243
7246
7246
7246
7247
7249
7250
7251
7254
7255
7257
7260
7262
7263
7264
7265
7266
7266
7267
7268
7269
7269
7271
7271
7272
7273
7276
7278
7279
7280
7280
7280
7280
7281
7284
7287
7287
7287
7288
7289
7289
7290
7291
7291
7291
7293
7293
7294
7297
7297
7301
7302
7302
7303
7304
7304
7305
7305
7307
7312
7316
7316
7317
7318
7318
7321
7322
7325
7326
7327
7329
7331
7331
7331
7331
7334
7335
7335
7336
7337
7337
7338
7338
7339
7339
7340
7341
7341
7342
7342
7344
7345
7348
7348
7351
7353
7353
7354
7355
7356
7358
7358
7358
7358
7359
7367
7369
7370
7370
7371
7372
7374
7374
7374
7374
7376
7376
7377
7378
7382
7382
7384
7384
7384
7385
7385
7388
7388
7388
7390
7390
7390
7391
7392
7393
7394
7395
7396
7397
7399
7400
7400
7402
7402
7403
7404
7405
7407
7409
7410
7410
7410
7410
7412
7412
7412
7412
7413
7413
7421
7421
7423
7423
7424
7426
7426
7428
7429
7430
7431
7434
7434
7436
7436
7439
7440
7441
7443
7446
7446
7447
7450
7451
7452
7453
7453
7454
7455
7455
7456
7459
7459
7463
7463
7464
7465
7466
7467
7468
7468
7468
7471
7472
7475
7477
7477
7477
7478
7478
7478
7478
7479
7479
7479
7482
7483
7484
7485
7486
7487
7487
7489
7489
7489
7489
7491
7492
7496
7496
7497
7499
7501
7502
7504
7505
7506
7507
7508
7508
7509
7509
7510
7512
7513
7517
7519
7520
7521
7522
7523
7524
7525
7526
7527
7528
7531
7531
7532
7533
7533
7534
7534
7535
7535
7537
7537
7537
7539
7539
7539
7542
7545
7546
7546
7547
7548
7548
7548
7549
7549
7550
7551
7553
7553
7553
7554
7555
7555
7556
7558
7559
7561
7562
7562
7563
7565
7565
7565
7567
7569
7571
7571
7572
7572
7574
7575
7578
7578
7578
7580
7581
7581
7581
7582
7584
7585
7585
7585
7586
7589
7589
7590
7591
7591
7592
7594
7595
7596
7596
7596
7596
7597
7597
7599
7600
7601
7601
7602
7603
7604
7605
7606
7606
7606
7607
7608
7609
7610
7612
7612
7614
7615
7616
7618
7618
7619
7620
7621
7622
7623
7627
7630
7634
7634
7638
7640
7641
7643
7645
7648
7650
7651
7652
7652
7653
7653
7654
7654
7656
7658
7660
7660
7660
7662
7663
7663
7664
7664
7664
7666
7668
7668
7669
7669
7669
7669
7670
7671
7671
7671
7672
7673
7675
7675
7676
7676
7677
7679
7681
7681
7682
7684
7685
7687
7688
7689
7690
7692
7695
7695
7697
7697
7697
7697
7698
7700
7701
7703
7704
7706
7708
7712
7712
7713
7713
7714
7715
7715
7718
7718
7718
7720
7721
7721
7722
7722
7723
7723
7723
7724
7725
7726
7727
7729
7729
7730
7733
7733
7734
7734
7735
7736
7740
7740
7741
7742
7744
7748
7750
7751
7754
7754
7755
7755
7757
7759
7760
7760
7761
7762
7764
7765
7766
7766
7767
7770
7772
7774
7774
7777
7778
7779
7779
7780
7781
7783
7784
7785
7785
7785
7785
7789
7790
7793
7794
7794
7795
7795
7799
7801
7801
7802
7802
7803
7803
7805
7808
7809
7809
7809
7810
7811
7811
7812
7812
7812
7813
7813
7818
7820
7821
7821
7822
7823
7823
7823
7824
7824
7824
7825
7825
7825
7826
7829
7833
7834
7834
7838
7842
7843
7843
7844
7845
7846
7848
7848
7850
7851
7853
7854
7856
7857
7857
7858
7858
7860
7861
7862
7864
7867
7867
7868
7869
7869
7871
7872
7872
7873
7875
7876
7877
7877
7877
7878
7882
7883
7883
7884
7885
7889
7892
7893
7894
7896
7897
7897
7897
7897
7898
7900
7900
7900
7901
7901
7901
7901
7902
7903
7904
7904
7905
7906
7909
7909
7910
7910
7912
7913
7916
7917
7918
7920
7920
7921
7922
7922
7923
7923
7924
7926
7926
7926
7927
7928
7930
7930
7931
7932
7932
7932
7932
7934
7936
7938
7938
7938
7940
7941
7945
7946
7946
7946
7946
7947
7947
7948
7949
7949
7949
7950
7950
7952
7953
7953
7953
7954
7954
7956
7960
7960
7960
7961
7963
7964
7965
7966
7966
7967
7967
7968
7968
7969
7970
7973
7973
7974
7974
7974
7974
7975
7976
7976
7978
7979
7982
7983
7984
7987
7988
7989
7989
7989
7990
7993
7993
7993
7994
7994
7994
7994
7994
7997
7998
7998
8001
8002
8002
8003
8003
8005
8006
8008
8008
8011
8012
8012
8015
8017
8017
8018
8018
8019
8020
8021
8023
8028
8028
8029
8030
8031
8031
8032
8033
8033
8034
8034
8038
8038
8039
8046
8047
8048
8048
8048
8050
8051
8052
8053
8053
8056
8057
8059
8060
8061
8061
8066
8068
8069
8069
8069
8070
8072
8072
8073
8074
8078
8079
8083
8083
8085
8089
8089
8090
8091
8092
8093
8095
8095
8095
8095
8098
8100
8101
8101
8101
8101
8102
8102
8105
8107
8107
8108
8109
8110
8110
8110
8110
8110
8111
8111
8112
8112
8113
8115
8116
8117
8119
8120
8127
8129
8129
8129
8129
8130
8131
8132
8133
8133
8134
8135
8136
8139
8140
8141
8146
8146
8147
8149
8150
8152
8153
8153
8157
8157
8158
8159
8159
8159
8159
8160
8160
8163
8165
8165
8165
8166
8166
8166
8166
8167
8167
8168
8169
8171
8171
8173
8174
8175
8175
8176
8177
8179
8180
8180
8181
8181
8182
8182
8183
8183
8183
8184
8184
8184
8189
8189
8190
8191
8192
8195
8197
8198
8199
8201
8201
8202
8203
8204
8205
8205
8207
8207
8209
8209
8210
8210
8210
8211
8215
8217
8217
8218
8218
8219
8219
8219
8219
8222
8223
8224
8225
8226
8227
8228
8229
8230
8230
8234
8234
8234
8235
8236
8237
8240
8241
8242
8243
8243
8244
8245
8247
8248
8249
8250
8254
8258
8258
8260
8261
8261
8261
8263
8265
8267
8269
8269
8269
8271
8272
8272
8272
8275
8276
8276
8279
8279
8280
8280
8281
8281
8281
8285
8287
8288
8288
8291
8296
8296
8297
8299
8300
8305
8306
8306
8308
8309
8309
8310
8312
8313
8313
8314
8314
8314
8317
8318
8326
8326
8327
8327
8328
8333
8335
8335
8335
8335
8336
8337
8337
8337
8338
8338
8339
8339
8340
8340
8340
8342
8345
8346
8347
8347
8349
8349
8349
8350
8351
8352
8352
8353
8353
8354
8355
8355
8356
8360
8363
8363
8363
8365
8365
8366
8367
8367
8367
8371
8371
8372
8372
8375
8376
8377
8377
8377
8380
8380
8381
8382
8383
8383
8384
8387
8387
8388
8391
8392
8393
8394
8394
8395
8395
8395
8396
8398
8399
8400
8402
8404
8405
8407
8408
8408
8409
8409
8410
8413
8415
8416
8416
8417
8417
8418
8419
8419
8419
8419
8420
8421
8422
8423
8424
8425
8425
8426
8427
8428
8430
8432
8434
8435
8436
8436
8436
8437
8438
8440
8440
8442
8442
8443
8443
8444
8447
8448
8448
8448
8448
8452
8453
8454
8454
8455
8455
8457
8458
8461
8461
8462
8462
8463
8464
8465
8467
8469
8469
8469
8470
8470
8471
8473
8474
8476
8477
8479
8480
8481
8482
8482
8483
8483
8485
8487
8489
8490
8491
8491
8493
8494
8495
8496
8499
8500
8502
8503
8503
8505
8505
8505
8507
8509
8510
8511
8514
8516
8517
8517
8518
8518
8519
8520
8522
8523
8524
8524
8525
8527
8527
8528
8528
8529
8529
8531
8531
8532
8532
8533
8534
8534
8535
8535
8536
8537
8538
8538
8539
8540
8541
8541
8542
8544
8546
8547
8548
8549
8551
8552
8553
8554
8555
8555
8556
8562
8563
8564
8565
8567
8567
8567
8568
8569
8570
8570
8571
8571
8572
8573
8574
8574
8575
8576
8579
8581
8581
8582
8585
8585
8585
8586
8586
8586
8587
8590
8594
8594
8596
8596
8602
8602
8602
8605
8607
8608
8608
8610
8611
8611
8613
8613
8614
8617
8622
8625
8625
8626
8626
8627
8627
8629
8630
8630
8633
8634
8635
8639
8639
8639
8641
8642
8642
8643
8646
8646
8648
8649
8651
8653
8654
8655
8655
8660
8662
8662
8662
8664
8664
8665
8665
8667
8668
8668
8669
8670
8670
8671
8675
8675
8676
8678
8678
8679
8681
8683
8684
8684
8687
8688
8691
8692
8692
8693
8693
8694
8694
8695
8695
8697
8698
8698
8698
8699
8700
8700
8702
8702
8703
8703
8704
8704
8705
8707
8707
8711
8711
8712
8714
8714
8715
8716
8717
8717
8719
8720
8720
8722
8723
8723
8723
8724
8726
8729
8730
8733
8736
8736
8739
8739
8741
8742
8742
8742
8744
8744
8747
8747
8748
8749
8751
8752
8753
8756
8757
8757
8758
8758
8759
8760
8760
8760
8761
8761
8761
8761
8762
8763
8764
8764
8764
8765
8767
8768
8768
8768
8769
8769
8771
8772
8772
8774
8776
8777
8780
8782
8782
8783
8783
8784
8786
8786
8787
8788
8790
8794
8795
8797
8798
8798
8800
8800
8800
8800
8801
8802
8805
8806
8809
8810
8811
8814
8817
8817
8817
8821
8823
8823
8824
8824
8825
8831
8832
8833
8833
8834
8835
8836
8836
8836
8837
8843
8844
8850
8851
8851
8853
8854
8855
8855
8855
8855
8856
8857
8857
8860
8860
8861
8861
8861
8862
8863
8863
8865
8868
8868
8871
8873
8873
8874
8874
8875
8875
8878
8878
8878
8879
8880
8880
8881
8882
8883
8885
8885
8885
8886
8889
8890
8898
8905
8909
8909
8912
8912
8912
8913
8913
8914
8914
8915
8916
8917
8917
8918
8924
8926
8926
8926
8926
8927
8928
8930
8931
8933
8933
8938
8940
8940
8942
8946
8946
8947
8949
8949
8952
8956
8957
8959
8960
8960
8963
8963
8967
8968
8970
8972
8972
8974
8975
8976
8977
8977
8977
8978
8978
8978
8979
8979
8979
8981
8981
8985
8987
8987
8989
8990
8991
8992
8992
8992
8992
8993
8994
8995
8995
8997
8998
8999
8999
8999
9000
9000
9003
9005
9005
9007
9011
9016
9017
9018
9018
9019
9019
9021
9023
9024
9025
9025
9027
9027
9028
9031
9032
9032
9033
9034
9036
9036
9036
9037
9038
9038
9038
9039
9040
9040
9040
9041
9041
9043
9043
9044
9044
9046
9046
9046
9048
9050
9050
9053
9054
9055
9056
9056
9056
9056
9058
9062
9062
9063
9063
9066
9067
9069
9069
9069
9070
9070
9071
9071
9071
9073
9075
9077
9077
9078
9079
9080
9081
9082
9084
9084
9085
9086
9086
9088
9093
9095
9095
9095
9098
9099
9102
9103
9103
9104
9106
9107
9107
9108
9110
9111
9112
9113
9114
9115
9115
9115
9115
9116
9116
9116
9118
9118
9119
9119
9120
9121
9121
9121
9122
9126
9128
9128
9128
9130
9130
9131
9132
9136
9138
9138
9139
9139
9141
9143
9144
9145
9146
9147
9148
9148
9153
9153
9158
9158
9160
9161
9162
9162
9163
9165
9168
9168
9168
9168
9169
9170
9171
9171
9171
9173
9173
9179
9180
9181
9183
9183
9184
9184
9185
9187
9187
9188
9189
9191
9191
9192
9192
9192
9194
9194
9194
9197
9201
9202
9203
9204
9205
9205
9208
9209
9210
9211
9212
9212
9213
9216
9216
9217
9217
9217
9217
9217
9219
9220
9221
9224
9224
9224
9224
9225
9230
9230
9231
9234
9237
9239
9240
9241
9243
9243
9244
9245
9248
9248
9249
9250
9250
9253
9253
9256
9256
9256
9260
9261
9262
9263
9264
9267
9269
9270
9272
9272
9272
9274
9275
9275
9276
9276
9279
9281
9283
9283
9283
9284
9287
9288
9289
9289
9289
9289
9292
9292
9293
9295
9295
9298
9298
9299
9300
9301
9303
9303
9304
9305
9307
9309
9310
9311
9312
9313
9314
9316
9318
9318
9320
9320
9321
9321
9322
9323
9323
9324
9325
9325
9325
9326
9326
9327
9328
9329
9329
9329
9330
9330
9333
9333
9333
9334
9334
9335
9336
9338
9338
9339
9340
9344
9346
9347
9348
9348
9351
9352
9352
9353
9353
9356
9358
9358
9363
9363
9364
9366
9367
9368
9368
9370
9372
9373
9375
9375
9376
9379
9381
9381
9381
9383
9383
9385
9385
9386
9388
9390
9393
9393
9397
9397
9399
9399
9401
9401
9402
9403
9403
9405
9407
9407
9409
9409
9414
9419
9419
9421
9421
9421
9422
9423
9424
9429
9430
9432
9435
9436
9437
9437
9438
9438
9440
9441
9442
9443
9446
9447
9447
9447
9452
9453
9454
9459
9461
9464
9464
9470
9472
9472
9473
9473
9474
9475
9476
9476
9477
9477
9478
9480
9481
9482
9491
9491
9491
9492
9493
9493
9493
9493
9495
9496
9496
9497
9497
9499
9500
9500
9502
9502
9504
9505
9509
9510
9510
9512
9513
9513
9513
9514
9516
9517
9517
9518
9518
9518
9520
9521
9522
9523
9523
9525
9525
9527
9527
9527
9528
9528
9528
9528
9529
9529
9529
9530
9530
9530
9531
9531
9531
9531
9533
9534
9537
9537
9539
9539
9539
9539
9540
9541
9541
9543
9544
9546
9547
9548
9548
9550
9554
9554
9555
9556
9556
9557
9557
9558
9558
9560
9560
9561
9563
9563
9563
9563
9565
9565
9568
9569
9570
9570
9571
9572
9572
9574
9576
9578
9579
9579
9579
9579
9580
9580
9581
9581
9582
9582
9585
9586
9588
9589
9591
9592
9592
9594
9595
9595
9598
9601
9601
9603
9604
9604
9605
9608
9608
9609
9609
9610
9611
9612
9613
9615
9617
9618
9618
9618
9621
9622
9623
9623
9623
9624
9624
9624
9626
9626
9629
9630
9630
9630
9632
9633
9634
9634
9636
9637
9641
9642
9643
9645
9646
9649
9652
9657
9658
9663
9663
9664
9664
9666
9667
9667
9669
9669
9673
9675
9675
9679
9681
9681
9684
9685
9685
9686
9686
9688
9689
9690
9690
9691
9693
9694
9696
9697
9697
9699
9699
9699
9700
9701
9701
9704
9705
9707
9708
9709
9710
9710
9710
9710
9712
9713
9716
9716
9718
9718
9719
9720
9721
9722
9723
9726
9728
9729
9729
9729
9730
9730
9731
9735
9737
9737
9738
9741
9741
9743
9746
9748
9748
9753
9753
9754
9755
9760
9761
9762
9765
9765
9766
9767
9768
9769
9770
9772
9773
9773
9776
9777
9779
9780
9782
9784
9785
9787
9788
9790
9791
9793
9794
9795
9802
9803
9806
9806
9807
9807
9809
9809
9810
9811
9811
9811
9812
9814
9814
9819
9819
9821
9822
9822
9823
9825
9825
9825
9828
9832
9833
9833
9835
9835
9837
9840
9840
9840
9841
9842
9846
9846
9847
9849
9850
9851
9852
9854
9855
9856
9857
9859
9862
9863
9864
9864
9864
9866
9867
9867
9869
9870
9870
9870
9871
9875
9876
9876
9877
9881
9881
9883
9884
9887
9887
9889
9892
9893
9894
9894
9898
9899
9899
9899
9900
9900
9901
9902
9904
9905
9907
9908
9909
9910
9911
9915
9916
9917
9918
9919
9922
9923
9924
9924
9924
9925
9928
9929
9929
9930
9931
9932
9932
9934
9935
9936
9939
9940
9943
9944
9946
9946
9947
9949
9950
9950
9950
9951
9952
9953
9957
9960
9960
9961
9963
9964
9964
9966
9967
9971
9972
9973
9973
9976
9976
9978
9979
9980
9980
9980
9981
9982
9984
9984
9986
9987
9987
9991
9991
9992
9992
9994
9994
9995
9997
9997
9998
9999
9999
9999
10000
