38
15
48
48
70
13
1
86
87
4
62
57
86
43
33
1
34
100
36
17
95
22
79
7
28
3
42
19
99
35
97
55
71
63
87
2
85
35
43
33
64
49
50
97
19
55
90
11
51
1
36
74
14
20
80
21
70
73
20
22
15
60
52
68
25
81
53
26
8
19
45
14
5
47
17
83
36
42
88
51
93
48
69
10
73
14
60
49
75
21
77
60
12
72
32
40
66
50
84
65
35
25
12
53
71
76
65
88
93
59
90
74
78
78
62
92
28
85
85
11
97
11
11
95
42
86
60
81
8
29
67
78
10
30
63
94
73
92
77
66
35
78
44
51
16
10
95
72
16
3
62
3
35
27
94
77
67
98
40
25
14
98
42
77
98
24
67
94
35
33
21
27
16
87
82
38
95
48
100
54
56
19
56
46
9
2
52
5
41
89
33
48
33
85
30
55
74
86
10
96
38
61
46
58
14
59
21
71
53
44
22
55
52
33
41
71
20
83
95
91
27
89
41
80
95
34
1
23
38
41
62
24
4
47
55
100
52
48
91
39
48
71
92
46
60
65
15
62
19
38
82
36
10
12
26
35
82
42
13
41
98
66
42
86
79
84
64
43
71
97
43
13
51
80
54
11
81
48
53
20
10
16
21
86
56
90
60
40
89
20
2
53
19
54
54
43
22
10
41
25
98
23
6
45
18
75
40
87
37
1
84
27
9
15
72
7
47
33
33
43
1
28
22
88
12
80
83
1
46
19
3
5
5
100
29
75
90
8
31
24
98
24
19
85
21
17
12
14
50
75
51
73
12
47
15
89
5
5
63
87
74
82
16
55
16
50
81
24
53
84
54
60
20
70
85
9
60
58
64
4
81
27
5
8
72
36
32
48
46
71
53
42
17
60
35
64
75
80
73
63
49
90
25
46
37
37
29
68
65
16
72
60
9
21
35
46
44
75
45
45
28
4
82
91
38
91
89
39
7
75
74
12
33
94
4
19
71
47
76
77
85
93
29
78
13
38
34
99
77
24
11
72
98
15
7
43
42
1
31
4
51
45
62
75
46
17
8
30
93
31
72
4
57
36
41
74
61
72
4
29
65
64
100
74
52
28
97
57
27
29
30
31
99
40
71
9
75
29
64
14
55
10
44
65
98
13
70
12
69
41
39
50
26
21
34
46
66
56
71
42
68
99
1
77
60
39
84
49
92
84
52
58
30
50
4
60
11
72
91
41
38
73
78
57
23
73
53
97
73
54
65
20
25
88
45
81
24
91
98
83
89
85
4
63
36
69
12
74
49
46
97
60
51
14
46
62
5
52
75
53
48
2
32
69
74
19
80
67
33
38
95
83
2
85
65
83
79
35
13
6
42
18
63
49
72
30
82
30
66
32
6
28
55
24
75
80
76
64
40
75
46
34
9
38
24
86
98
53
79
66
2
40
48
52
12
73
85
68
10
4
56
43
69
13
6
65
46
29
42
15
76
94
36
86
19
83
58
10
83
57
38
64
23
76
30
65
59
47
59
56
70
16
6
64
68
20
30
83
81
73
64
49
88
63
62
15
26
6
60
92
84
31
46
80
36
99
44
55
25
35
73
42
18
78
97
23
92
10
38
20
1
23
86
85
61
74
32
27
44
79
39
89
14
64
38
14
54
72
23
40
20
53
95
59
63
18
59
97
43
26
94
72
40
35
1
35
94
31
70
76
39
91
14
99
36
87
2
18
4
83
86
52
71
97
9
18
28
17
74
17
47
96
43
13
20
17
20
87
7
27
84
69
58
77
93
12
30
56
43
93
98
29
33
5
86
52
80
83
53
70
5
91
40
96
79
69
77
98
35
50
64
65
99
27
69
25
64
31
92
3
80
58
28
28
52
1
57
13
58
3
95
57
1
51
8
54
84
51
61
17
91
47
86
69
90
56
85
75
99
9
3
17
49
13
75
14
43
19
29
96
77
73
60
75
24
5
93
83
49
84
10
66
46
54
4
47
49
78
73
80
23
49
58
33
6
11
98
71
91
27
57
66
85
73
74
35
92
18
14
6
91
78
43
21
46
59
70
88
49
32
81
11
75
70
5
67
87
50
9
97
99
73
53
37
16
35
9
33
32
1
11
4
68
27
96
7
50
39
52
31
48
39
73
88
75
79
40
92
81
84
69
78
52
58
42
75
20
39
55
49
61
46
37
35
94
38
90
98
35
16
66
100
56
73
34
83
64
25
76
90
23
12
56
45
16
97
66
28
96
82
54
79
9
2
98
77
32
39
60
21
