3079
8696
7046
6254
4365
5370
2503
3031
2176
3243
1452
5919
1181
704
7635
4592
5161
2700
1418
2751
1606
1212
5876
1824
4483
8274
8590
1375
114
117
9330
9068
8367
3863
2956
358
3453
5366
1723
6907
1474
1143
170
494
8550
4848
6592
4203
6664
2148
9540
4424
5362
7397
7653
5292
7230
9781
8474
7572
5113
6205
9653
2979
695
5810
6957
8730
3031
1860
316
1160
5400
5113
7430
3652
3708
106
5995
2169
3564
1868
7455
2129
333
9234
4584
2501
529
8145
9479
7012
1009
3716
7211
1746
3241
6593
5538
2866
7876
5947
1490
5431
3226
2761
6903
5336
1623
9768
333
9827
6654
4908
1441
9683
4333
4237
2323
836
4883
2815
1455
7270
6656
8738
3628
9760
7180
7484
307
3368
6075
8787
4420
384
1150
9840
151
1827
7805
1024
4527
8464
3653
3532
8435
7237
5724
9980
3567
1472
4957
2456
2136
8867
1456
8495
8191
742
2312
8971
7992
1009
9028
4372
9788
7706
7838
5156
8316
9580
8312
8364
6070
5929
1977
9221
4957
7888
6178
9641
6980
3842
2341
4946
1611
4194
888
7507
9997
9436
8134
758
4905
1208
8679
5062
1472
7342
3346
2895
7663
2459
2512
9106
7357
3861
5970
4365
5414
2140
677
1994
7194
3938
3861
9079
5088
8588
976
8662
1343
6073
1069
1766
3550
1251
285
6049
3161
259
192
4759
5111
1738
3083
8940
3355
6621
4137
1645
6568
5136
1983
3113
8648
471
4965
1165
5662
6489
1057
7680
8795
7446
4470
4593
7710
4138
9645
9822
8975
6754
2290
6134
7166
559
3251
848
2231
7896
4677
1886
3065
1125
1704
205
3447
1482
795
8430
3247
9744
5474
346
4889
1370
1383
6592
7362
6438
8640
7235
74
4307
3248
1619
5450
6706
9551
6184
8122
4096
2718
7894
9138
66
6454
5005
735
498
3425
2849
1177
7610
188
8042
3667
8382
9018
6028
9298
431
6924
1977
8049
9724
9136
5029
9476
8140
9064
9131
4972
3722
317
7231
9675
3792
1699
387
1160
9304
4622
2846
2373
1214
6165
4985
7903
1113
1511
8684
8198
268
7467
569
7070
840
1884
9398
5572
7461
2181
3937
9925
2464
3689
2831
1916
6007
678
2054
5802
1779
315
524
7643
7397
5991
992
9110
2148
2692
1255
3861
4742
6549
5129
8967
6509
4187
4205
3490
4676
2606
450
1629
874
1514
688
2684
6126
2712
3006
5549
8988
6127
5509
147
6566
1722
8709
3072
8935
3323
5191
8441
52
992
7843
9845
1076
4598
8146
5334
1665
4588
1350
1931
9455
6633
2169
2229
7133
4896
7379
4488
4090
1842
8336
5396
4842
9796
850
1541
3337
1091
83
1976
2575
3702
6493
80
5444
4132
9133
5559
486
2917
7685
5256
2504
1581
6162
7613
493
7638
6605
980
2966
6940
1525
2328
7449
8895
2957
7773
2083
5077
8578
6859
558
5359
8929
479
1542
733
1526
6510
5064
1235
5031
6460
877
286
5234
6557
4006
4658
7717
9353
824
7830
1277
1157
2554
3779
4480
991
4620
2360
8702
602
1354
9953
4133
1659
6785
6505
8901
115
9506
8190
101
1903
8149
1908
1171
1900
5647
221
577
2671
5591
7847
1310
1060
4661
8054
3858
1924
4188
1412
3230
3069
3563
4790
5619
4669
5150
6017
6819
6190
9786
5741
6901
3913
7224
4232
7740
532
8033
7438
3418
1038
1756
4488
6257
5260
1220
4802
3435
5573
5053
4866
4154
7547
9352
485
5266
7595
8869
7996
1750
2439
2056
1928
7808
4625
959
273
2389
1067
1187
1661
9000
4989
2062
7711
9966
7639
9852
8718
5618
135
2501
5048
7146
1373
1065
5431
7786
1725
3965
5330
455
6149
4341
5335
5263
9376
7074
7208
1782
634
2542
4323
1220
9333
278
1638
5502
4427
1752
2275
2881
8085
76
6753
2631
2539
5688
1331
723
2621
1950
6140
2303
9730
4841
2323
72
9470
472
3604
4568
2553
8634
2935
6804
382
1195
85
7911
4210
1054
1256
8831
7862
7883
3394
1943
8621
378
8737
4453
7346
897
4401
9716
6244
3627
867
7573
483
8154
6029
5841
6960
8942
2785
7010
7648
630
8258
5923
8994
2070
7525
1604
2177
1514
853
1171
619
4170
3209
4952
3395
4366
4858
3264
2804
8180
8415
7004
2263
2607
2443
4378
4647
4819
2474
9764
451
8191
3831
248
2067
5449
722
473
4175
7584
1937
2851
6349
734
852
8260
8073
2476
5341
1033
2714
619
6800
4903
2322
1808
2199
6476
5989
7792
3913
4756
8542
8973
1404
5280
2911
7551
8264
2004
2344
2038
3614
8736
1514
3918
9385
8785
4652
6372
4452
9257
8861
3241
93
637
747
8597
2648
9341
2020
1261
9558
5577
3179
4632
9735
7393
3357
1071
1950
1134
7300
8003
2549
7024
6939
9443
1537
1000
5139
9918
6646
1687
3718
2981
6750
1941
8059
5765
5302
2166
586
6036
2410
7579
9888
2313
7282
4949
2052
4417
3053
2863
2234
704
2333
5133
5800
3205
578
2207
280
6305
8844
5754
414
5880
1931
1081
9050
9897
298
592
192
7563
1548
18
166
5720
9428
4451
3837
2335
7227
7792
6308
3620
3486
6925
9161
5739
5862
2543
2321
6981
4893
8108
9963
3690
5181
4224
7248
8600
8539
2242
7229
1466
9364
2213
7012
4044
8486
2691
368
5278
9602
9351
4648
5720
3457
1018
7669
9454
53
513
7783
4419
8337
4612
197
34
3819
7602
2148
506
9553
8419
2139
2474
3258
3550
9396
3038
927
7373
1188
41
6922
3806
6655
5300
6621
9707
2630
9701
6357
1915
850
9347
4113
7578
9606
409
8478
4743
3056
8041
7029
5181
6016
8259
9479
1781
7788
3942
8455
2649
963
3590
3705
251
7697
6143
7050
1735
7698
8169
8528
919
8282
9052
6851
1302
3492
3254
7565
311
6938
6347
2654
9495
7845
5596
4818
1952
6933
1787
8631
191
3939
3069
553
3384
181
5825
208
7832
1650
5025
3630
1756
7271
9079
881
3760
3353
8882
8336
6266
5035
2664
6740
313
6194
6973
6612
248
7543
2629
7013
5351
5021
4727
5841
732
4181
7412
6792
5173
2846
4006
2037
4257
2048
459
4691
7680
7499
2244
5823
5705
2859
6953
9295
5803
7519
8448
5507
149
6298
3550
555
7161
4233
2220
1258
9886
2343
525
8890
5686
302
4560
4671
1088
46
6321
3696
9471
2131
1237
1139
9018
1890
2966
7256
3348
7859
1787
2698
735
4150
9883
3137
9405
8415
2147
1803
4040
4980
8583
5516
9443
921
5238
8531
512
201
9745
3008
1987
264
92
403
2198
9575
2710
4486
6783
6680
630
8222
6687
3554
758
1102
2316
599
4677
5788
4753
2212
4952
5384
1268
5656
2000
2858
5321
2953
370
4667
5605
3876
5986
8583
1302
7635
7521
4546
9153
260
3258
4361
2747
167
6327
6650
2572
5096
8457
2070
881
126
2328
4133
2433
8883
3752
4043
2211
246
1628
7642
6078
8989
7967
1192
752
9294
5921
5155
9955
2768
8126
2242
6493
6685
7766
2749
1607
5179
8472
48
6880
780
4432
7099
3426
4562
2963
5182
710
9991
2440
2292
2212
9516
5258
4285
7806
976
1291
3729
669
724
5563
3537
3867
9004
4506
3760
1763
8168
9882
2434
7270
500
3240
8243
6720
7309
7820
3755
2106
6069
9982
6977
5425
1721
8956
7230
9782
6145
9738
9076
6455
1303
3305
463
879
7292
7003
5434
7370
9271
5254
5252
4939
1583
1751
6756
5697
8556
1145
5019
7127
2169
3525
5914
187
2524
7564
5476
9602
1464
8388
5237
7226
1267
6495
1314
6367
452
2274
1523
1970
1584
9028
607
5607
3365
1222
8759
8494
390
4866
2005
1029
5176
2294
1318
1884
2892
4227
6710
3017
5103
929
411
6572
2494
4918
4933
2005
3358
2823
4404
5557
7786
5821
74
7827
8382
5004
1762
6928
20
3856
6594
9132
3485
2073
4029
5115
2755
5032
3004
1378
9500
3770
6958
7303
1985
5765
7933
7832
5152
2177
8915
7338
5679
2121
5149
7445
7906
866
5743
4797
1470
7627
8440
7893
1455
6901
7352
3695
6087
9636
8671
6103
296
2647
6935
4209
9092
5333
3012
1184
3715
7657
4059
2968
3717
4591
1265
4214
7480
4207
7606
2351
4956
330
3281
6598
7717
7378
8750
7890
1985
6175
4102
4207
7403
1551
9325
2996
6591
8398
8945
7765
5662
4838
5761
2857
9941
1768
1005
5183
8617
7612
8413
1821
4741
3526
4629
1833
9640
4057
5383
9947
201
9120
3001
2770
9468
7195
40
6886
1305
535
6749
3343
9115
321
2415
1092
7510
9596
1961
2998
4333
224
6158
9118
8515
3414
2074
5780
3328
2354
5803
8562
70
3120
9616
8
1109
1154
7457
17
7948
8568
1823
6518
5392
7265
8268
8209
4706
1426
2270
373
6380
4981
1296
9372
780
835
5754
1761
3621
4868
6563
8879
1586
230
1508
1433
1212
7725
5806
8508
1886
5658
1807
4258
5622
1551
8337
3960
2159
2482
8915
5618
782
3072
5676
9694
6697
6804
6349
4854
9630
6296
70
794
8787
4379
6780
2621
170
9459
4554
4927
5304
9605
7653
3595
1365
5619
6261
2849
3926
3701
3888
2647
3994
3947
841
876
3778
1442
617
1277
901
6821
1197
2347
9138
9670
6849
3053
8807
8237
90
6594
1041
1152
1930
4393
1221
164
5376
3061
5343
9587
5262
2667
2281
3614
8031
8462
4655
581
3096
77
9552
7652
1742
1866
2455
2080
6441
6735
4986
1427
5736
1741
1523
5684
3909
9349
9758
6907
5946
6458
706
4819
1652
790
5107
3569
2646
1676
7079
3620
4401
7598
8136
1021
3203
5824
6442
7761
830
3276
8077
7420
6203
7816
4292
7688
14
6757
279
1359
5164
2425
5591
7022
7754
6656
672
9098
1479
3422
1155
1207
5693
1320
7941
183
1236
8211
5618
4736
8600
653
646
8401
4204
4251
7549
1829
1678
514
7593
4521
9917
4027
8997
155
6041
2736
4216
6516
2089
9660
2107
2024
8675
8787
7294
2186
5656
3932
7928
8437
6109
1368
6766
2041
8305
6926
9078
5715
876
1813
5245
3952
5717
3542
2277
8355
2295
2640
1410
3157
661
8958
5815
8764
8363
375
7725
2336
8743
9876
8132
4473
8567
9063
7549
5341
2309
937
9015
521
5664
212
1048
5469
8845
9699
1903
397
2846
4504
4968
4613
7538
7404
4975
4926
5854
2060
2264
4190
9705
9377
1646
4788
1726
7440
1771
8020
1405
596
920
368
4643
5337
485
5912
1436
3211
9467
5234
2870
366
6336
3038
8296
7535
171
2484
7250
2650
8216
639
1911
7757
9006
9805
9112
3037
5247
3591
6019
3896
2400
4015
6956
2411
4378
3144
8090
1237
6145
3690
2550
1259
163
3301
2671
8333
4338
6982
4737
1017
3317
4520
5655
6783
7564
749
335
757
5299
2126
5198
6347
7257
7630
7827
2257
3985
6053
7568
7384
6536
1228
5382
7655
8136
9605
1792
3535
3837
9677
3811
1633
5111
772
932
4670
5327
92
8314
31
2445
880
7686
1607
569
9255
257
2997
9296
7321
1093
14
2057
721
942
1786
7913
1635
2018
5022
6308
929
3279
4571
1573
4281
7427
1620
8192
9409
3746
1429
1478
4741
1924
5314
3609
9872
6093
1118
1808
2345
8513
8398
2012
2448
6583
7021
1420
106
3869
4961
5583
6809
6957
2733
7721
2031
3454
1512
1639
9380
3406
8350
5926
8550
3279
7862
10000
9569
2191
8708
7289
8624
7676
3792
3593
4098
2968
1254
1019
2288
7562
895
5077
6957
7509
9088
4537
959
2556
2978
3500
9166
4614
1490
8052
939
1279
554
184
5843
8719
2383
4706
3604
5055
9436
3576
5230
9609
3519
8876
941
1936
3426
560
6727
912
2205
4510
7329
5206
1098
5031
7031
8003
2681
1626
1563
2381
6677
8023
3598
1926
7127
7300
4061
6817
9482
6625
2813
5491
5678
359
9850
3831
8529
1222
573
5381
9019
6095
5660
499
4632
4303
5878
1979
1051
6382
1103
5503
3201
2502
5145
5835
6292
1512
5028
6059
66
9755
1223
1213
6893
2342
6591
1479
6931
7536
3127
6284
8225
2022
8729
5531
4324
4509
1556
3800
1328
6329
1263
3728
1845
6653
4668
551
526
3588
2561
5572
2076
2335
9475
7919
227
3199
6995
41
5810
6166
6430
5693
2425
3753
3103
8790
134
2265
3480
1266
6609
1443
4770
4293
777
2468
6529
9489
6078
2976
971
2308
1776
9925
8458
4530
503
7276
687
4372
7093
6128
1626
65
4282
8722
9143
2925
1238
5467
2315
9952
4516
5971
5376
6904
7381
5986
9725
1073
9258
5094
5594
2915
2950
6597
4771
1581
915
3187
2778
3489
852
6021
34
3632
9291
8631
9929
8583
3261
5435
2293
8746
1042
131
5090
5424
9953
3905
2363
2575
4747
5164
1096
8202
5831
2614
1350
1848
5790
8285
7709
8871
1911
5102
382
1168
5782
3920
7868
2269
8273
1376
589
5384
7780
105
2480
646
7077
2503
1025
9044
58
8844
2090
5904
2633
594
4077
1419
8448
3121
2640
622
1543
4979
6039
7995
7682
999
856
2949
331
3780
9019
2611
6384
4654
1601
288
8249
8717
1399
1607
9997
8828
9755
8989
6485
8271
702
7999
6113
5289
4058
6846
234
9612
7781
8280
1751
546
583
6521
2708
4861
1273
6482
8576
7434
302
1768
2181
9067
1046
9168
3278
8244
6289
3514
2500
198
6385
1531
6073
1115
8403
1504
457
849
5488
3968
4813
1979
6990
3041
2354
5348
1212
9133
9978
9141
7454
9430
6802
7960
470
9480
371
30
2148
9070
7772
7119
8159
8040
8448
2896
4212
6555
5596
5658
4751
7545
2061
680
3816
7795
8207
4928
7343
7709
7976
1974
186
1777
9254
2158
4814
8070
8422
3089
1581
5569
3079
9361
8768
4093
8958
7200
2741
2583
3788
3358
266
349
8749
6306
3051
1929
8418
4571
5575
969
1089
1335
9418
7009
5898
3539
3863
8242
3566
2292
7092
6460
8412
9606
4523
2338
6156
6563
1805
9869
6847
8390
4138
8724
8502
16
3247
4586
4818
1435
3695
2681
7900
9662
7093
254
6775
1872
9272
4916
5843
6784
7744
8278
2978
8420
7449
431
8656
5024
7477
8388
1343
314
5879
2325
9472
3404
5677
3535
3993
2265
2429
2693
2595
2596
6180
801
9443
6509
8410
789
2588
1677
2554
2791
7971
1492
1441
4877
675
5361
6853
5044
1986
3810
2408
9656
948
5100
940
9007
8974
6157
8841
5862
9421
48
5134
401
6840
4690
2213
6333
2275
9123
5401
1464
5494
4094
7804
5491
4798
1852
8052
902
3778
5909
9749
1461
5048
5241
9590
5394
3705
2863
5709
1427
994
668
1739
4966
4957
1542
96
3634
7903
8937
118
1615
2403
4922
2481
4329
8135
7514
7450
3953
2630
4301
6872
7333
1190
7163
7040
6785
5186
8951
4910
869
9994
9070
9269
7336
5161
6243
579
7022
840
745
4329
8567
9234
9487
6057
7832
8936
4099
752
4653
6437
3488
7383
175
9924
8474
5892
1426
3025
4412
5734
1747
1933
4144
2018
7280
6342
4159
6823
9672
8054
137
2217
1797
1275
1191
6524
7447
2743
2094
3614
7619
6777
1399
9530
7899
1868
2750
842
32
9886
8823
7645
2165
5155
6280
8074
4262
1067
243
2164
5304
1042
4210
686
2179
4726
5784
9281
7934
3470
6261
3787
8858
9977
10
6202
33
7701
7838
2074
4704
3809
4112
1979
6307
9141
6303
3782
1904
3888
1798
1809
951
2434
8795
433
1352
539
2443
4368
4598
5092
7326
8976
2378
6045
1953
7694
8346
9238
7555
794
7244
3122
2863
4711
3366
5129
4844
2046
6296
3037
9554
1143
1420
463
2926
5946
1276
3347
1623
9234
1589
7185
4754
6212
811
6973
515
8944
3454
2825
7221
2005
6379
4298
12
9225
4149
8264
5737
5721
2149
8730
5517
189
7600
7890
8210
9968
1912
9764
7206
3199
5302
2157
2281
8016
2022
8433
265
5061
6515
8709
892
6193
7765
8559
5615
9082
1704
8219
4316
6991
6640
399
7888
844
921
8609
6686
9036
147
2855
5422
2991
3742
8016
6843
700
9730
849
4732
3031
2003
8898
4128
7639
6755
810
2079
6946
7928
5800
7422
1834
3871
1156
7219
5180
8897
3813
1899
2405
7030
7669
393
8280
2695
7298
9647
4367
2888
5557
8721
7246
2165
6536
8456
7182
92
3476
4165
5656
5260
9113
631
6175
7644
8866
878
2676
6816
5831
6129
4196
535
164
3053
2309
8488
9211
3406
1841
142
1414
467
6738
866
4831
2445
5614
9752
7123
2825
2693
9452
4628
8255
5273
383
2303
5193
1916
508
1518
5927
5713
8336
1054
7762
4028
3530
4723
6801
5275
8767
5418
553
7945
1440
5359
2327
3057
9104
4305
291
2944
4033
8883
3341
5406
5279
532
5003
4430
1887
8865
3815
4819
9496
7497
1234
4261
8003
8706
7245
2309
8496
2090
7450
1950
6074
9761
6910
653
5675
9557
2218
3170
8610
1245
442
8342
8612
5226
4110
6383
8944
5930
1047
5939
1080
5871
6996
1242
941
7792
3661
4374
5995
9631
3679
7
3029
6971
5434
2266
4993
1094
1079
306
6103
2217
5615
2410
1894
1111
360
5818
9144
3600
384
3448
3239
8999
7535
5072
6384
2518
6472
3927
7623
5455
720
9709
8347
2598
4179
3857
1211
9118
5539
8697
9977
1297
882
1426
798
1061
5026
949
7102
5595
6090
1051
9661
1689
6620
1570
1683
714
4837
8912
8364
6196
4101
4359
8611
4011
9856
4106
5408
7508
1076
1791
1471
7420
9771
8533
691
9930
6195
1864
6906
1235
8397
7939
4355
5197
8675
117
3038
5813
3885
6600
8435
7701
6
9133
3717
6944
8986
2716
1128
2128
2754
3211
3441
1282
4548
6828
3869
4560
2613
1596
4261
5440
9040
9865
2096
9994
6012
5812
1657
4080
5784
2519
4978
9497
6970
6617
6874
2735
1289
8719
3307
826
4599
3989
983
1947
6211
1502
6788
8238
2606
2281
9877
426
1261
8068
6284
234
526
2853
4829
7377
3134
4918
6532
3098
5882
1265
7369
14
5221
1101
2114
9594
1913
9799
810
1311
34
7700
8369
5163
2391
694
3317
4009
1498
349
2783
2053
6466
8384
7616
7634
5575
6909
1326
1999
5518
477
6730
5783
6277
8171
3572
4712
3426
8182
1873
4102
23
9893
6156
2593
3304
2091
1914
2373
3232
9996
1618
6337
1505
8654
3933
2378
8714
4323
58
608
9774
758
8102
9872
387
3732
1706
3372
216
9629
4741
649
618
8042
2923
391
1801
9762
3550
8998
8679
1320
9740
2119
2896
7319
2697
1968
9664
1249
4815
8085
7666
8787
2403
2179
517
5374
1930
1982
180
6498
4988
1342
8837
1435
8376
8709
3921
5472
4952
2964
3254
5194
1030
415
250
8210
8910
9598
7041
1102
7382
38
7793
3118
1100
967
8372
1713
9359
6166
173
5789
4272
2174
4895
6543
3610
1379
9130
5632
624
6184
2183
745
4598
4225
1062
7032
883
1291
2661
19
934
8523
6644
5244
4502
7332
8856
2390
494
3533
3869
4679
4793
1970
7743
4703
9418
1449
938
8520
5615
6168
8352
2590
2646
230
715
6896
241
8671
2612
695
6647
4812
1364
5767
699
9666
3912
5301
9841
5369
4522
2216
2061
2384
606
2738
9054
8415
9050
7056
8284
494
7226
7440
5374
7092
8642
5555
847
8962
7253
6851
1553
9393
374
2695
5554
7497
4222
2133
7759
2180
1581
7623
4902
674
9908
193
1632
990
7218
9873
3071
5104
4701
9192
7140
9925
467
937
949
3916
4610
7695
685
4738
1061
1444
3780
7649
3664
2831
7072
916
1310
1997
2684
4158
9112
4243
7032
2636
9849
9171
4961
6008
8176
6606
9234
287
1398
73
6571
9189
2513
8994
4930
4232
4856
4836
632
5314
3159
1130
301
6051
5093
3841
2549
8526
4884
9249
3756
4962
6473
93
3945
9277
6557
8393
7104
1724
8995
171
4282
7733
7531
2005
3176
3241
3846
7570
4678
8516
2363
1791
4125
199
2201
9068
3259
9529
8158
6131
7239
7097
8968
2424
4399
2118
250
9825
1428
9763
1473
5848
3961
5333
9432
7311
2936
1886
2472
4516
5030
2576
6900
597
2152
730
4260
5461
1349
2983
5839
4064
2606
6311
1567
6123
2940
6269
2864
4431
8744
5307
6634
3592
6033
6139
5023
5449
4185
5664
294
2419
8577
3948
3897
6053
4918
8691
780
981
8364
3071
9103
8784
1915
166
1926
7487
2262
7369
5047
2299
3587
2318
164
66
7000
4368
7081
9050
3827
7590
1992
8198
3822
9153
1987
1527
2656
7114
858
8228
231
9579
5094
8748
6916
7132
1749
5755
1144
8354
647
3468
1886
5667
104
1039
1144
7069
7119
3467
2927
9895
7366
7877
4277
7544
5771
338
6990
8247
8710
4441
654
9586
2460
1740
756
4899
3395
4808
599
2224
7783
2843
6496
9442
9613
7991
1593
4120
8151
612
9476
8493
5799
3194
9535
1303
4119
5134
4774
5250
1975
7037
1113
8540
5816
8263
6272
370
4346
3166
493
347
3313
5280
9969
6947
9741
1504
3713
6539
4697
7884
3930
1279
100
4987
6963
3752
1871
8517
4258
1571
9575
2535
6401
9185
4051
8150
6002
2433
4432
9524
6769
2459
59
2194
1785
7934
1118
6805
4490
7101
7247
6476
8138
9828
2661
8736
9
9970
2605
5180
6153
1570
6620
400
157
5402
4789
3953
9409
887
8606
1683
7612
7288
654
489
5585
4139
2265
2060
5916
9717
7792
8603
6411
470
994
2866
2666
3404
6935
5310
9795
6055
5039
9199
3798
8365
7158
7551
7350
3054
6939
7618
52
234
2626
3631
7472
3746
4054
4542
8829
8365
7059
7506
1685
3212
7731
4904
5005
5872
5910
113
9753
586
7416
7677
9283
7619
718
3544
5912
4397
7393
9946
4435
6762
3310
6105
7711
4156
8013
1698
9079
2620
7281
216
7664
46
7855
2556
2106
3717
4850
4589
4754
4403
5919
1985
9116
4
372
3093
2575
7900
4742
1458
8881
9630
1548
657
725
9215
2486
5617
1361
7658
2194
6486
1141
9412
4239
8163
7897
4419
579
9227
455
8731
3371
149
7417
3497
3154
5614
1747
227
4419
4051
4820
5504
6610
8287
634
1988
3704
3026
8148
5951
5965
2627
1371
3431
2108
8711
1315
5522
5889
1075
9438
8472
9413
7598
7779
3368
1438
4314
3069
7259
6976
9797
9766
2806
4809
9323
4022
7524
5788
8062
5223
5571
2572
1512
2843
4509
7339
8592
2911
4634
2307
5436
1217
3284
4341
9942
8177
491
5265
7890
2036
4090
5317
2639
3471
6634
1193
4044
6098
1781
2442
2268
4450
190
4725
3197
3131
3199
2631
9606
5478
499
8403
8639
7768
9269
803
9125
8827
1336
1714
4366
9377
5033
4698
2233
2837
1074
4010
4826
1765
8241
2490
9061
2701
9080
5569
9833
7813
2037
5799
2655
3423
1925
5943
8035
9689
3445
9335
2802
8794
9673
3835
1716
7210
8080
3798
1805
1474
6888
4083
6766
1159
1294
5412
9265
161
6041
824
1829
3857
8
5314
4358
6162
5016
5432
2001
46
3114
57
7734
7684
7637
8946
15
2889
8744
5347
7520
142
6595
7133
8752
7504
86
271
1111
8629
8777
3874
5080
7925
8078
2001
433
9191
9780
1645
2704
6063
3726
976
3625
2884
196
336
4821
2390
679
2727
189
6303
6618
1456
695
2025
4672
8484
240
2145
9521
7911
7579
3611
6433
9036
6777
5783
3522
5328
5033
194
8248
5221
6514
623
7917
7261
9951
6919
2295
1675
8026
1807
679
5780
6300
7338
9860
2123
6931
8062
1639
9326
7269
1435
6167
4715
8389
8057
6376
8727
5972
7985
560
5504
8153
2143
1434
6017
5780
3542
8447
8582
1119
6277
8097
337
4758
8521
6905
5612
569
9811
5796
6016
8655
1611
5898
5222
5981
5909
4080
5595
2456
5747
9294
7961
2167
299
1442
1636
941
91
3206
3890
9733
9882
8256
2399
1822
2048
6281
5727
9017
1369
8257
7381
4497
2981
5153
6324
9371
9780
5200
8420
3517
1185
3994
8312
1284
2956
9773
2349
2321
3020
9862
4229
8772
8869
6140
9669
5963
9622
2139
9900
3708
4486
884
8789
4114
2385
8211
4446
3013
8957
3906
2890
909
6162
8956
1860
9479
1289
8323
3429
3369
5715
5382
280
7779
7262
5101
1356
4982
8804
6151
9610
1786
2532
5607
7111
9546
5285
3034
5596
4307
7736
1660
4501
7406
5006
4924
102
1529
2554
9053
6116
3020
4023
4254
3379
938
5165
3020
3708
2167
2384
901
2530
2266
3882
9953
725
6627
2379
9565
902
2526
6494
3832
1948
9576
6205
1858
1350
7921
6247
5057
386
9539
5185
1877
2750
5379
459
8911
637
133
85
958
5916
8804
225
4282
6741
7746
2986
1428
2148
8813
6150
7549
5432
7780
7944
6166
1804
1016
6249
6728
487
8374
8904
101
1664
4563
9871
1855
5862
8681
3016
4568
2144
2466
9328
4553
1008
786
1659
9767
701
7258
3704
8307
6657
7865
2566
3472
7248
7814
1447
7290
6634
9836
9044
8294
2355
4901
5137
996
9073
9706
291
4732
5941
8953
1199
4024
8110
1881
7108
1102
282
6586
1164
9970
3295
6704
2111
8617
4121
2722
6809
8336
549
6957
3629
9502
5565
7439
4074
3847
8692
3361
6877
8131
9925
4148
231
4318
1367
6495
9440
2241
2500
7399
9387
929
4522
7729
5548
5655
1217
324
2312
1520
7150
6563
8684
454
999
7865
7809
750
4648
8053
206
6195
9062
3033
5822
2659
1138
5581
3988
904
6848
473
7004
714
8249
7091
6004
5092
2446
7078
2315
1332
3934
6500
3320
2630
5177
6508
8014
4883
5605
5983
1871
8502
6209
6304
3455
799
985
8347
250
6796
2409
8456
5960
6149
6661
271
6303
3878
6841
1309
650
626
6060
2872
1882
6726
9738
1104
4138
2252
8963
375
8695
4914
6574
8226
3615
4394
3202
560
4649
6067
3382
1402
4278
2424
5142
1004
8966
6487
3017
7060
9998
6788
2962
5576
8408
7119
6980
9564
7244
1699
857
2708
6126
3441
484
8775
1176
9165
4358
9013
3305
9622
1854
2314
7758
4796
3348
8515
7904
2765
5784
4704
6350
1105
5574
5531
8332
167
3245
6137
636
4895
4464
5486
9309
6841
621
9798
7713
8126
9756
3217
3731
3742
2266
7758
5512
1353
6903
8587
9493
2850
1228
7564
3474
9393
3569
4682
4014
5912
1070
782
9235
4648
6161
5007
315
1556
319
551
1954
2662
7902
7549
5902
7761
4178
15
7197
1320
5702
8029
1502
7789
8862
8062
1219
5835
2587
461
276
1912
2575
2564
2968
5526
8289
8588
912
1545
2499
2164
4868
2526
7106
800
3954
1929
2270
468
8548
5679
2843
1905
6930
7846
550
4334
7207
7449
5308
9627
6104
1105
9464
722
5075
464
3003
1808
7028
6144
7969
8707
6270
1996
6113
9395
1720
173
3574
677
5845
6551
1228
9070
169
8037
508
853
7913
1314
4844
4429
7410
9481
6864
9137
7644
768
5654
1265
4288
4977
4353
6124
984
3721
3475
6942
2727
6708
5777
2380
3145
8889
1426
6637
2539
4289
3608
2267
4814
5646
1346
906
7032
8410
2257
6329
2236
5038
329
7351
2475
8580
8234
5000
9915
3182
5408
6376
6359
3896
616
878
3351
475
3813
2741
2289
1748
4305
7863
5472
5957
935
3355
4740
6779
9937
8225
7562
7472
5389
1483
1070
9473
4710
3326
7278
5922
704
6121
2769
1616
8787
7190
9911
6391
1964
9311
2898
310
2176
7106
758
7824
1235
9863
9997
7156
393
2626
1807
2335
5162
7797
6480
3856
7835
9272
601
8620
3050
1163
731
5124
2266
4202
6818
8388
961
6530
3703
3549
1918
8564
2088
725
8606
4007
6428
4093
3696
3043
2001
5027
5480
5292
2041
5449
8482
7339
2421
2486
1480
1971
8720
2732
6453
7746
8607
7210
4618
5607
9271
1490
3344
979
8655
8669
8144
8691
7352
5822
5040
9325
8491
5476
911
152
5249
8884
2642
4977
6889
9863
2688
5580
4901
3664
6331
7223
3126
7504
3792
8773
8330
6141
1393
506
1266
1264
9216
2306
249
5327
9199
1495
6626
4747
7526
659
6065
778
1429
7042
3165
7623
410
1740
1604
3592
7541
7745
7071
1216
7003
2053
3768
8727
8888
7935
2970
3719
7159
1501
5063
6504
4375
1450
3376
1198
7366
7810
8608
1425
3841
7493
6489
6542
4352
2299
5316
2940
2540
9063
9379
1425
2578
2495
938
4150
2700
3163
8429
4072
3278
2251
3131
5233
1118
4030
7948
1559
6743
9168
3926
3106
1232
3235
2646
4692
2953
1826
7758
5812
1669
2802
5065
203
9279
9866
9351
2067
5894
1797
7317
3197
5914
6021
5484
2146
6796
5946
1166
2620
7937
7779
2764
86
4536
276
731
2977
6156
3145
2040
2760
5931
7993
5226
1830
5672
3263
8215
3047
1118
4085
5386
2028
2150
2530
2851
3251
4971
1318
1631
4007
7500
3251
7257
7539
882
335
7617
7901
8178
1175
8204
1857
373
3845
5965
6810
3526
37
899
2409
8908
9381
6162
2639
9497
827
7350
2077
6017
3372
5717
942
2415
3449
7541
5395
1445
8700
9023
1568
899
3556
8754
2085
3466
1438
2234
2320
6113
1333
466
1920
6615
7211
2023
4397
8042
9912
799
1366
8200
1041
1419
7019
2244
7261
6841
29
827
6373
1213
610
1543
1722
7584
8877
6035
3723
6761
62
5441
3782
6908
2566
2249
4511
3120
2270
1074
880
7478
312
2134
7904
1734
7589
6977
4598
9148
1497
7674
6223
8227
8332
2229
2591
5520
2418
1256
2132
5587
7341
5021
7809
4378
1778
1704
5626
2918
4057
617
315
289
9017
9092
3870
2976
9140
5343
3629
4310
7374
4059
8532
186
9796
4887
5179
8618
2107
4657
1667
8063
9830
4334
4862
6722
8972
461
1236
5424
392
7431
291
1834
643
4393
7334
304
992
5877
1849
176
6150
4406
5452
521
8435
7411
5687
1556
8255
7958
7501
4085
7727
9900
180
